#
# Table mapping scrod-carrier-chip-channel # to PMT-raw-col# and 
# (x,y,z) physical location in UH coordinate
#                                     SM, ver. 1.0,  22-Apr-2014 
#
#  pixel interval used is 6.5 mm (fig claims 53/8 = 6.625, but the
# actual interval is 6.5mm in XP85012 pin pitch above */A1)
#  PMT outer dimension is assumed 59.0mm and PMT-PMT gap = 1.0mm
#
#  the coordinate origin is one corner of the scintillator cube. 
#
#  physical positions noted are those of pixel center on PMT's 
# glass outer surface assuming no gap between cube and PMT.
#
#  these are in internal scrod # order in my display program, so 
# 13, 101, and 102 apparently are out of position.
#
# numbers listed are in format of 
# scr car chip chan : pmt-raw-col : x, y, z 
 1 0 0 0 : 0224 : 98.25, 18.75, 0.00 
 1 0 0 1 : 0214 : 98.25, 12.25, 0.00 
 1 0 0 2 : 0223 : 104.75, 18.75, 0.00 
 1 0 0 3 : 0213 : 104.75, 12.25, 0.00 
 1 0 0 4 : 0222 : 111.25, 18.75, 0.00 
 1 0 0 5 : 0212 : 111.25, 12.25, 0.00 
 1 0 0 6 : 0221 : 117.75, 18.75, 0.00 
 1 0 0 7 : 0211 : 117.75, 12.25, 0.00 
 1 0 1 0 : 0228 : 72.25, 18.75, 0.00 
 1 0 1 1 : 0218 : 72.25, 12.25, 0.00 
 1 0 1 2 : 0227 : 78.75, 18.75, 0.00 
 1 0 1 3 : 0217 : 78.75, 12.25, 0.00 
 1 0 1 4 : 0226 : 85.25, 18.75, 0.00 
 1 0 1 5 : 0216 : 85.25, 12.25, 0.00 
 1 0 1 6 : 0225 : 91.75, 18.75, 0.00 
 1 0 1 7 : 0215 : 91.75, 12.25, 0.00 
 1 0 2 0 : 0114 : 38.25, 12.25, 0.00 
 1 0 2 1 : 0124 : 38.25, 18.75, 0.00 
 1 0 2 2 : 0113 : 44.75, 12.25, 0.00 
 1 0 2 3 : 0123 : 44.75, 18.75, 0.00 
 1 0 2 4 : 0112 : 51.25, 12.25, 0.00 
 1 0 2 5 : 0122 : 51.25, 18.75, 0.00 
 1 0 2 6 : 0111 : 57.75, 12.25, 0.00 
 1 0 2 7 : 0121 : 57.75, 18.75, 0.00 
 1 0 3 0 : 0118 : 12.25, 12.25, 0.00 
 1 0 3 1 : 0128 : 12.25, 18.75, 0.00 
 1 0 3 2 : 0117 : 18.75, 12.25, 0.00 
 1 0 3 3 : 0127 : 18.75, 18.75, 0.00 
 1 0 3 4 : 0116 : 25.25, 12.25, 0.00 
 1 0 3 5 : 0126 : 25.25, 18.75, 0.00 
 1 0 3 6 : 0115 : 31.75, 12.25, 0.00 
 1 0 3 7 : 0125 : 31.75, 18.75, 0.00 
# scr car chip chan : pmt-raw-col : x, y, z 
 1 1 0 0 : 0234 : 98.25, 25.25, 0.00 
 1 1 0 1 : 0244 : 98.25, 31.75, 0.00 
 1 1 0 2 : 0233 : 104.75, 25.25, 0.00 
 1 1 0 3 : 0243 : 104.75, 31.75, 0.00 
 1 1 0 4 : 0232 : 111.25, 25.25, 0.00 
 1 1 0 5 : 0242 : 111.25, 31.75, 0.00 
 1 1 0 6 : 0231 : 117.75, 25.25, 0.00 
 1 1 0 7 : 0241 : 117.75, 31.75, 0.00 
 1 1 1 0 : 0238 : 72.25, 25.25, 0.00 
 1 1 1 1 : 0248 : 72.25, 31.75, 0.00 
 1 1 1 2 : 0237 : 78.75, 25.25, 0.00 
 1 1 1 3 : 0247 : 78.75, 31.75, 0.00 
 1 1 1 4 : 0236 : 85.25, 25.25, 0.00 
 1 1 1 5 : 0246 : 85.25, 31.75, 0.00 
 1 1 1 6 : 0235 : 91.75, 25.25, 0.00 
 1 1 1 7 : 0245 : 91.75, 31.75, 0.00 
 1 1 2 0 : 0144 : 38.25, 31.75, 0.00 
 1 1 2 1 : 0134 : 38.25, 25.25, 0.00 
 1 1 2 2 : 0143 : 44.75, 31.75, 0.00 
 1 1 2 3 : 0133 : 44.75, 25.25, 0.00 
 1 1 2 4 : 0142 : 51.25, 31.75, 0.00 
 1 1 2 5 : 0132 : 51.25, 25.25, 0.00 
 1 1 2 6 : 0141 : 57.75, 31.75, 0.00 
 1 1 2 7 : 0131 : 57.75, 25.25, 0.00 
 1 1 3 0 : 0148 : 12.25, 31.75, 0.00 
 1 1 3 1 : 0138 : 12.25, 25.25, 0.00 
 1 1 3 2 : 0147 : 18.75, 31.75, 0.00 
 1 1 3 3 : 0137 : 18.75, 25.25, 0.00 
 1 1 3 4 : 0146 : 25.25, 31.75, 0.00 
 1 1 3 5 : 0136 : 25.25, 25.25, 0.00 
 1 1 3 6 : 0145 : 31.75, 31.75, 0.00 
 1 1 3 7 : 0135 : 31.75, 25.25, 0.00 
# scr car chip chan : pmt-raw-col : x, y, z 
 1 2 0 0 : 0254 : 98.25, 38.25, 0.00 
 1 2 0 1 : 0264 : 98.25, 44.75, 0.00 
 1 2 0 2 : 0253 : 104.75, 38.25, 0.00 
 1 2 0 3 : 0263 : 104.75, 44.75, 0.00 
 1 2 0 4 : 0252 : 111.25, 38.25, 0.00 
 1 2 0 5 : 0262 : 111.25, 44.75, 0.00 
 1 2 0 6 : 0251 : 117.75, 38.25, 0.00 
 1 2 0 7 : 0261 : 117.75, 44.75, 0.00 
 1 2 1 0 : 0258 : 72.25, 38.25, 0.00 
 1 2 1 1 : 0268 : 72.25, 44.75, 0.00 
 1 2 1 2 : 0257 : 78.75, 38.25, 0.00 
 1 2 1 3 : 0267 : 78.75, 44.75, 0.00 
 1 2 1 4 : 0256 : 85.25, 38.25, 0.00 
 1 2 1 5 : 0266 : 85.25, 44.75, 0.00 
 1 2 1 6 : 0255 : 91.75, 38.25, 0.00 
 1 2 1 7 : 0265 : 91.75, 44.75, 0.00 
 1 2 2 0 : 0164 : 38.25, 44.75, 0.00 
 1 2 2 1 : 0154 : 38.25, 38.25, 0.00 
 1 2 2 2 : 0163 : 44.75, 44.75, 0.00 
 1 2 2 3 : 0153 : 44.75, 38.25, 0.00 
 1 2 2 4 : 0162 : 51.25, 44.75, 0.00 
 1 2 2 5 : 0152 : 51.25, 38.25, 0.00 
 1 2 2 6 : 0161 : 57.75, 44.75, 0.00 
 1 2 2 7 : 0151 : 57.75, 38.25, 0.00 
 1 2 3 0 : 0168 : 12.25, 44.75, 0.00 
 1 2 3 1 : 0158 : 12.25, 38.25, 0.00 
 1 2 3 2 : 0167 : 18.75, 44.75, 0.00 
 1 2 3 3 : 0157 : 18.75, 38.25, 0.00 
 1 2 3 4 : 0166 : 25.25, 44.75, 0.00 
 1 2 3 5 : 0156 : 25.25, 38.25, 0.00 
 1 2 3 6 : 0165 : 31.75, 44.75, 0.00 
 1 2 3 7 : 0155 : 31.75, 38.25, 0.00 
# scr car chip chan : pmt-raw-col : x, y, z 
 1 3 0 0 : 0274 : 98.25, 51.25, 0.00 
 1 3 0 1 : 0284 : 98.25, 57.75, 0.00 
 1 3 0 2 : 0273 : 104.75, 51.25, 0.00 
 1 3 0 3 : 0283 : 104.75, 57.75, 0.00 
 1 3 0 4 : 0272 : 111.25, 51.25, 0.00 
 1 3 0 5 : 0282 : 111.25, 57.75, 0.00 
 1 3 0 6 : 0271 : 117.75, 51.25, 0.00 
 1 3 0 7 : 0281 : 117.75, 57.75, 0.00 
 1 3 1 0 : 0278 : 72.25, 51.25, 0.00 
 1 3 1 1 : 0288 : 72.25, 57.75, 0.00 
 1 3 1 2 : 0277 : 78.75, 51.25, 0.00 
 1 3 1 3 : 0287 : 78.75, 57.75, 0.00 
 1 3 1 4 : 0276 : 85.25, 51.25, 0.00 
 1 3 1 5 : 0286 : 85.25, 57.75, 0.00 
 1 3 1 6 : 0275 : 91.75, 51.25, 0.00 
 1 3 1 7 : 0285 : 91.75, 57.75, 0.00 
 1 3 2 0 : 0184 : 38.25, 57.75, 0.00 
 1 3 2 1 : 0174 : 38.25, 51.25, 0.00 
 1 3 2 2 : 0183 : 44.75, 57.75, 0.00 
 1 3 2 3 : 0173 : 44.75, 51.25, 0.00 
 1 3 2 4 : 0182 : 51.25, 57.75, 0.00 
 1 3 2 5 : 0172 : 51.25, 51.25, 0.00 
 1 3 2 6 : 0181 : 57.75, 57.75, 0.00 
 1 3 2 7 : 0171 : 57.75, 51.25, 0.00 
 1 3 3 0 : 0188 : 12.25, 57.75, 0.00 
 1 3 3 1 : 0178 : 12.25, 51.25, 0.00 
 1 3 3 2 : 0187 : 18.75, 57.75, 0.00 
 1 3 3 3 : 0177 : 18.75, 51.25, 0.00 
 1 3 3 4 : 0186 : 25.25, 57.75, 0.00 
 1 3 3 5 : 0176 : 25.25, 51.25, 0.00 
 1 3 3 6 : 0185 : 31.75, 57.75, 0.00 
 1 3 3 7 : 0175 : 31.75, 51.25, 0.00 
# scr car chip chan : pmt-raw-col : x, y, z 
 2 0 0 0 : 0324 : 31.75, 111.25, 0.00 
 2 0 0 1 : 0314 : 31.75, 117.75, 0.00 
 2 0 0 2 : 0323 : 25.25, 111.25, 0.00 
 2 0 0 3 : 0313 : 25.25, 117.75, 0.00 
 2 0 0 4 : 0322 : 18.75, 111.25, 0.00 
 2 0 0 5 : 0312 : 18.75, 117.75, 0.00 
 2 0 0 6 : 0321 : 12.25, 111.25, 0.00 
 2 0 0 7 : 0311 : 12.25, 117.75, 0.00 
 2 0 1 0 : 0328 : 57.75, 111.25, 0.00 
 2 0 1 1 : 0318 : 57.75, 117.75, 0.00 
 2 0 1 2 : 0327 : 51.25, 111.25, 0.00 
 2 0 1 3 : 0317 : 51.25, 117.75, 0.00 
 2 0 1 4 : 0326 : 44.75, 111.25, 0.00 
 2 0 1 5 : 0316 : 44.75, 117.75, 0.00 
 2 0 1 6 : 0325 : 38.25, 111.25, 0.00 
 2 0 1 7 : 0315 : 38.25, 117.75, 0.00 
 2 0 2 0 : 0414 : 91.75, 117.75, 0.00 
 2 0 2 1 : 0424 : 91.75, 111.25, 0.00 
 2 0 2 2 : 0413 : 85.25, 117.75, 0.00 
 2 0 2 3 : 0423 : 85.25, 111.25, 0.00 
 2 0 2 4 : 0412 : 78.75, 117.75, 0.00 
 2 0 2 5 : 0422 : 78.75, 111.25, 0.00 
 2 0 2 6 : 0411 : 72.25, 117.75, 0.00 
 2 0 2 7 : 0421 : 72.25, 111.25, 0.00 
 2 0 3 0 : 0418 : 117.75, 117.75, 0.00 
 2 0 3 1 : 0428 : 117.75, 111.25, 0.00 
 2 0 3 2 : 0417 : 111.25, 117.75, 0.00 
 2 0 3 3 : 0427 : 111.25, 111.25, 0.00 
 2 0 3 4 : 0416 : 104.75, 117.75, 0.00 
 2 0 3 5 : 0426 : 104.75, 111.25, 0.00 
 2 0 3 6 : 0415 : 98.25, 117.75, 0.00 
 2 0 3 7 : 0425 : 98.25, 111.25, 0.00 
# scr car chip chan : pmt-raw-col : x, y, z 
 2 1 0 0 : 0334 : 31.75, 104.75, 0.00 
 2 1 0 1 : 0344 : 31.75, 98.25, 0.00 
 2 1 0 2 : 0333 : 25.25, 104.75, 0.00 
 2 1 0 3 : 0343 : 25.25, 98.25, 0.00 
 2 1 0 4 : 0332 : 18.75, 104.75, 0.00 
 2 1 0 5 : 0342 : 18.75, 98.25, 0.00 
 2 1 0 6 : 0331 : 12.25, 104.75, 0.00 
 2 1 0 7 : 0341 : 12.25, 98.25, 0.00 
 2 1 1 0 : 0338 : 57.75, 104.75, 0.00 
 2 1 1 1 : 0348 : 57.75, 98.25, 0.00 
 2 1 1 2 : 0337 : 51.25, 104.75, 0.00 
 2 1 1 3 : 0347 : 51.25, 98.25, 0.00 
 2 1 1 4 : 0336 : 44.75, 104.75, 0.00 
 2 1 1 5 : 0346 : 44.75, 98.25, 0.00 
 2 1 1 6 : 0335 : 38.25, 104.75, 0.00 
 2 1 1 7 : 0345 : 38.25, 98.25, 0.00 
 2 1 2 0 : 0444 : 91.75, 98.25, 0.00 
 2 1 2 1 : 0434 : 91.75, 104.75, 0.00 
 2 1 2 2 : 0443 : 85.25, 98.25, 0.00 
 2 1 2 3 : 0433 : 85.25, 104.75, 0.00 
 2 1 2 4 : 0442 : 78.75, 98.25, 0.00 
 2 1 2 5 : 0432 : 78.75, 104.75, 0.00 
 2 1 2 6 : 0441 : 72.25, 98.25, 0.00 
 2 1 2 7 : 0431 : 72.25, 104.75, 0.00 
 2 1 3 0 : 0448 : 117.75, 98.25, 0.00 
 2 1 3 1 : 0438 : 117.75, 104.75, 0.00 
 2 1 3 2 : 0447 : 111.25, 98.25, 0.00 
 2 1 3 3 : 0437 : 111.25, 104.75, 0.00 
 2 1 3 4 : 0446 : 104.75, 98.25, 0.00 
 2 1 3 5 : 0436 : 104.75, 104.75, 0.00 
 2 1 3 6 : 0445 : 98.25, 98.25, 0.00 
 2 1 3 7 : 0435 : 98.25, 104.75, 0.00 
# scr car chip chan : pmt-raw-col : x, y, z 
 2 2 0 0 : 0354 : 31.75, 91.75, 0.00 
 2 2 0 1 : 0364 : 31.75, 85.25, 0.00 
 2 2 0 2 : 0353 : 25.25, 91.75, 0.00 
 2 2 0 3 : 0363 : 25.25, 85.25, 0.00 
 2 2 0 4 : 0352 : 18.75, 91.75, 0.00 
 2 2 0 5 : 0362 : 18.75, 85.25, 0.00 
 2 2 0 6 : 0351 : 12.25, 91.75, 0.00 
 2 2 0 7 : 0361 : 12.25, 85.25, 0.00 
 2 2 1 0 : 0358 : 57.75, 91.75, 0.00 
 2 2 1 1 : 0368 : 57.75, 85.25, 0.00 
 2 2 1 2 : 0357 : 51.25, 91.75, 0.00 
 2 2 1 3 : 0367 : 51.25, 85.25, 0.00 
 2 2 1 4 : 0356 : 44.75, 91.75, 0.00 
 2 2 1 5 : 0366 : 44.75, 85.25, 0.00 
 2 2 1 6 : 0355 : 38.25, 91.75, 0.00 
 2 2 1 7 : 0365 : 38.25, 85.25, 0.00 
 2 2 2 0 : 0464 : 91.75, 85.25, 0.00 
 2 2 2 1 : 0454 : 91.75, 91.75, 0.00 
 2 2 2 2 : 0463 : 85.25, 85.25, 0.00 
 2 2 2 3 : 0453 : 85.25, 91.75, 0.00 
 2 2 2 4 : 0462 : 78.75, 85.25, 0.00 
 2 2 2 5 : 0452 : 78.75, 91.75, 0.00 
 2 2 2 6 : 0461 : 72.25, 85.25, 0.00 
 2 2 2 7 : 0451 : 72.25, 91.75, 0.00 
 2 2 3 0 : 0468 : 117.75, 85.25, 0.00 
 2 2 3 1 : 0458 : 117.75, 91.75, 0.00 
 2 2 3 2 : 0467 : 111.25, 85.25, 0.00 
 2 2 3 3 : 0457 : 111.25, 91.75, 0.00 
 2 2 3 4 : 0466 : 104.75, 85.25, 0.00 
 2 2 3 5 : 0456 : 104.75, 91.75, 0.00 
 2 2 3 6 : 0465 : 98.25, 85.25, 0.00 
 2 2 3 7 : 0455 : 98.25, 91.75, 0.00 
# scr car chip chan : pmt-raw-col : x, y, z 
 2 3 0 0 : 0374 : 31.75, 78.75, 0.00 
 2 3 0 1 : 0384 : 31.75, 72.25, 0.00 
 2 3 0 2 : 0373 : 25.25, 78.75, 0.00 
 2 3 0 3 : 0383 : 25.25, 72.25, 0.00 
 2 3 0 4 : 0372 : 18.75, 78.75, 0.00 
 2 3 0 5 : 0382 : 18.75, 72.25, 0.00 
 2 3 0 6 : 0371 : 12.25, 78.75, 0.00 
 2 3 0 7 : 0381 : 12.25, 72.25, 0.00 
 2 3 1 0 : 0378 : 57.75, 78.75, 0.00 
 2 3 1 1 : 0388 : 57.75, 72.25, 0.00 
 2 3 1 2 : 0377 : 51.25, 78.75, 0.00 
 2 3 1 3 : 0387 : 51.25, 72.25, 0.00 
 2 3 1 4 : 0376 : 44.75, 78.75, 0.00 
 2 3 1 5 : 0386 : 44.75, 72.25, 0.00 
 2 3 1 6 : 0375 : 38.25, 78.75, 0.00 
 2 3 1 7 : 0385 : 38.25, 72.25, 0.00 
 2 3 2 0 : 0484 : 91.75, 72.25, 0.00 
 2 3 2 1 : 0474 : 91.75, 78.75, 0.00 
 2 3 2 2 : 0483 : 85.25, 72.25, 0.00 
 2 3 2 3 : 0473 : 85.25, 78.75, 0.00 
 2 3 2 4 : 0482 : 78.75, 72.25, 0.00 
 2 3 2 5 : 0472 : 78.75, 78.75, 0.00 
 2 3 2 6 : 0481 : 72.25, 72.25, 0.00 
 2 3 2 7 : 0471 : 72.25, 78.75, 0.00 
 2 3 3 0 : 0488 : 117.75, 72.25, 0.00 
 2 3 3 1 : 0478 : 117.75, 78.75, 0.00 
 2 3 3 2 : 0487 : 111.25, 72.25, 0.00 
 2 3 3 3 : 0477 : 111.25, 78.75, 0.00 
 2 3 3 4 : 0486 : 104.75, 72.25, 0.00 
 2 3 3 5 : 0476 : 104.75, 78.75, 0.00 
 2 3 3 6 : 0485 : 98.25, 72.25, 0.00 
 2 3 3 7 : 0475 : 98.25, 78.75, 0.00 
# scr car chip chan : pmt-raw-col : x, y, z 
 101 0 0 0 : 1824 : 98.25, 130.00, 18.75 
 101 0 0 1 : 1814 : 98.25, 130.00, 12.25 
 101 0 0 2 : 1823 : 104.75, 130.00, 18.75 
 101 0 0 3 : 1813 : 104.75, 130.00, 12.25 
 101 0 0 4 : 1822 : 111.25, 130.00, 18.75 
 101 0 0 5 : 1812 : 111.25, 130.00, 12.25 
 101 0 0 6 : 1821 : 117.75, 130.00, 18.75 
 101 0 0 7 : 1811 : 117.75, 130.00, 12.25 
 101 0 1 0 : 1828 : 72.25, 130.00, 18.75 
 101 0 1 1 : 1818 : 72.25, 130.00, 12.25 
 101 0 1 2 : 1827 : 78.75, 130.00, 18.75 
 101 0 1 3 : 1817 : 78.75, 130.00, 12.25 
 101 0 1 4 : 1826 : 85.25, 130.00, 18.75 
 101 0 1 5 : 1816 : 85.25, 130.00, 12.25 
 101 0 1 6 : 1825 : 91.75, 130.00, 18.75 
 101 0 1 7 : 1815 : 91.75, 130.00, 12.25 
 101 0 2 0 : 1714 : 38.25, 130.00, 12.25 
 101 0 2 1 : 1724 : 38.25, 130.00, 18.75 
 101 0 2 2 : 1713 : 44.75, 130.00, 12.25 
 101 0 2 3 : 1723 : 44.75, 130.00, 18.75 
 101 0 2 4 : 1712 : 51.25, 130.00, 12.25 
 101 0 2 5 : 1722 : 51.25, 130.00, 18.75 
 101 0 2 6 : 1711 : 57.75, 130.00, 12.25 
 101 0 2 7 : 1721 : 57.75, 130.00, 18.75 
 101 0 3 0 : 1718 : 12.25, 130.00, 12.25 
 101 0 3 1 : 1728 : 12.25, 130.00, 18.75 
 101 0 3 2 : 1717 : 18.75, 130.00, 12.25 
 101 0 3 3 : 1727 : 18.75, 130.00, 18.75 
 101 0 3 4 : 1716 : 25.25, 130.00, 12.25 
 101 0 3 5 : 1726 : 25.25, 130.00, 18.75 
 101 0 3 6 : 1715 : 31.75, 130.00, 12.25 
 101 0 3 7 : 1725 : 31.75, 130.00, 18.75 
# scr car chip chan : pmt-raw-col : x, y, z 
 101 1 0 0 : 1834 : 98.25, 130.00, 25.25 
 101 1 0 1 : 1844 : 98.25, 130.00, 31.75 
 101 1 0 2 : 1833 : 104.75, 130.00, 25.25 
 101 1 0 3 : 1843 : 104.75, 130.00, 31.75 
 101 1 0 4 : 1832 : 111.25, 130.00, 25.25 
 101 1 0 5 : 1842 : 111.25, 130.00, 31.75 
 101 1 0 6 : 1831 : 117.75, 130.00, 25.25 
 101 1 0 7 : 1841 : 117.75, 130.00, 31.75 
 101 1 1 0 : 1838 : 72.25, 130.00, 25.25 
 101 1 1 1 : 1848 : 72.25, 130.00, 31.75 
 101 1 1 2 : 1837 : 78.75, 130.00, 25.25 
 101 1 1 3 : 1847 : 78.75, 130.00, 31.75 
 101 1 1 4 : 1836 : 85.25, 130.00, 25.25 
 101 1 1 5 : 1846 : 85.25, 130.00, 31.75 
 101 1 1 6 : 1835 : 91.75, 130.00, 25.25 
 101 1 1 7 : 1845 : 91.75, 130.00, 31.75 
 101 1 2 0 : 1744 : 38.25, 130.00, 31.75 
 101 1 2 1 : 1734 : 38.25, 130.00, 25.25 
 101 1 2 2 : 1743 : 44.75, 130.00, 31.75 
 101 1 2 3 : 1733 : 44.75, 130.00, 25.25 
 101 1 2 4 : 1742 : 51.25, 130.00, 31.75 
 101 1 2 5 : 1732 : 51.25, 130.00, 25.25 
 101 1 2 6 : 1741 : 57.75, 130.00, 31.75 
 101 1 2 7 : 1731 : 57.75, 130.00, 25.25 
 101 1 3 0 : 1748 : 12.25, 130.00, 31.75 
 101 1 3 1 : 1738 : 12.25, 130.00, 25.25 
 101 1 3 2 : 1747 : 18.75, 130.00, 31.75 
 101 1 3 3 : 1737 : 18.75, 130.00, 25.25 
 101 1 3 4 : 1746 : 25.25, 130.00, 31.75 
 101 1 3 5 : 1736 : 25.25, 130.00, 25.25 
 101 1 3 6 : 1745 : 31.75, 130.00, 31.75 
 101 1 3 7 : 1735 : 31.75, 130.00, 25.25 
# scr car chip chan : pmt-raw-col : x, y, z 
 101 2 0 0 : 1854 : 98.25, 130.00, 38.25 
 101 2 0 1 : 1864 : 98.25, 130.00, 44.75 
 101 2 0 2 : 1853 : 104.75, 130.00, 38.25 
 101 2 0 3 : 1863 : 104.75, 130.00, 44.75 
 101 2 0 4 : 1852 : 111.25, 130.00, 38.25 
 101 2 0 5 : 1862 : 111.25, 130.00, 44.75 
 101 2 0 6 : 1851 : 117.75, 130.00, 38.25 
 101 2 0 7 : 1861 : 117.75, 130.00, 44.75 
 101 2 1 0 : 1858 : 72.25, 130.00, 38.25 
 101 2 1 1 : 1868 : 72.25, 130.00, 44.75 
 101 2 1 2 : 1857 : 78.75, 130.00, 38.25 
 101 2 1 3 : 1867 : 78.75, 130.00, 44.75 
 101 2 1 4 : 1856 : 85.25, 130.00, 38.25 
 101 2 1 5 : 1866 : 85.25, 130.00, 44.75 
 101 2 1 6 : 1855 : 91.75, 130.00, 38.25 
 101 2 1 7 : 1865 : 91.75, 130.00, 44.75 
 101 2 2 0 : 1764 : 38.25, 130.00, 44.75 
 101 2 2 1 : 1754 : 38.25, 130.00, 38.25 
 101 2 2 2 : 1763 : 44.75, 130.00, 44.75 
 101 2 2 3 : 1753 : 44.75, 130.00, 38.25 
 101 2 2 4 : 1762 : 51.25, 130.00, 44.75 
 101 2 2 5 : 1752 : 51.25, 130.00, 38.25 
 101 2 2 6 : 1761 : 57.75, 130.00, 44.75 
 101 2 2 7 : 1751 : 57.75, 130.00, 38.25 
 101 2 3 0 : 1768 : 12.25, 130.00, 44.75 
 101 2 3 1 : 1758 : 12.25, 130.00, 38.25 
 101 2 3 2 : 1767 : 18.75, 130.00, 44.75 
 101 2 3 3 : 1757 : 18.75, 130.00, 38.25 
 101 2 3 4 : 1766 : 25.25, 130.00, 44.75 
 101 2 3 5 : 1756 : 25.25, 130.00, 38.25 
 101 2 3 6 : 1765 : 31.75, 130.00, 44.75 
 101 2 3 7 : 1755 : 31.75, 130.00, 38.25 
# scr car chip chan : pmt-raw-col : x, y, z 
 101 3 0 0 : 1874 : 98.25, 130.00, 51.25 
 101 3 0 1 : 1884 : 98.25, 130.00, 57.75 
 101 3 0 2 : 1873 : 104.75, 130.00, 51.25 
 101 3 0 3 : 1883 : 104.75, 130.00, 57.75 
 101 3 0 4 : 1872 : 111.25, 130.00, 51.25 
 101 3 0 5 : 1882 : 111.25, 130.00, 57.75 
 101 3 0 6 : 1871 : 117.75, 130.00, 51.25 
 101 3 0 7 : 1881 : 117.75, 130.00, 57.75 
 101 3 1 0 : 1878 : 72.25, 130.00, 51.25 
 101 3 1 1 : 1888 : 72.25, 130.00, 57.75 
 101 3 1 2 : 1877 : 78.75, 130.00, 51.25 
 101 3 1 3 : 1887 : 78.75, 130.00, 57.75 
 101 3 1 4 : 1876 : 85.25, 130.00, 51.25 
 101 3 1 5 : 1886 : 85.25, 130.00, 57.75 
 101 3 1 6 : 1875 : 91.75, 130.00, 51.25 
 101 3 1 7 : 1885 : 91.75, 130.00, 57.75 
 101 3 2 0 : 1784 : 38.25, 130.00, 57.75 
 101 3 2 1 : 1774 : 38.25, 130.00, 51.25 
 101 3 2 2 : 1783 : 44.75, 130.00, 57.75 
 101 3 2 3 : 1773 : 44.75, 130.00, 51.25 
 101 3 2 4 : 1782 : 51.25, 130.00, 57.75 
 101 3 2 5 : 1772 : 51.25, 130.00, 51.25 
 101 3 2 6 : 1781 : 57.75, 130.00, 57.75 
 101 3 2 7 : 1771 : 57.75, 130.00, 51.25 
 101 3 3 0 : 1788 : 12.25, 130.00, 57.75 
 101 3 3 1 : 1778 : 12.25, 130.00, 51.25 
 101 3 3 2 : 1787 : 18.75, 130.00, 57.75 
 101 3 3 3 : 1777 : 18.75, 130.00, 51.25 
 101 3 3 4 : 1786 : 25.25, 130.00, 57.75 
 101 3 3 5 : 1776 : 25.25, 130.00, 51.25 
 101 3 3 6 : 1785 : 31.75, 130.00, 57.75 
 101 3 3 7 : 1775 : 31.75, 130.00, 51.25 
# scr car chip chan : pmt-raw-col : x, y, z 
 4 0 0 0 : 0524 : 31.75, 0.00, 18.75 
 4 0 0 1 : 0514 : 31.75, 0.00, 12.25 
 4 0 0 2 : 0523 : 25.25, 0.00, 18.75 
 4 0 0 3 : 0513 : 25.25, 0.00, 12.25 
 4 0 0 4 : 0522 : 18.75, 0.00, 18.75 
 4 0 0 5 : 0512 : 18.75, 0.00, 12.25 
 4 0 0 6 : 0521 : 12.25, 0.00, 18.75 
 4 0 0 7 : 0511 : 12.25, 0.00, 12.25 
 4 0 1 0 : 0528 : 57.75, 0.00, 18.75 
 4 0 1 1 : 0518 : 57.75, 0.00, 12.25 
 4 0 1 2 : 0527 : 51.25, 0.00, 18.75 
 4 0 1 3 : 0517 : 51.25, 0.00, 12.25 
 4 0 1 4 : 0526 : 44.75, 0.00, 18.75 
 4 0 1 5 : 0516 : 44.75, 0.00, 12.25 
 4 0 1 6 : 0525 : 38.25, 0.00, 18.75 
 4 0 1 7 : 0515 : 38.25, 0.00, 12.25 
 4 0 2 0 : 0614 : 91.75, 0.00, 12.25 
 4 0 2 1 : 0624 : 91.75, 0.00, 18.75 
 4 0 2 2 : 0613 : 85.25, 0.00, 12.25 
 4 0 2 3 : 0623 : 85.25, 0.00, 18.75 
 4 0 2 4 : 0612 : 78.75, 0.00, 12.25 
 4 0 2 5 : 0622 : 78.75, 0.00, 18.75 
 4 0 2 6 : 0611 : 72.25, 0.00, 12.25 
 4 0 2 7 : 0621 : 72.25, 0.00, 18.75 
 4 0 3 0 : 0618 : 117.75, 0.00, 12.25 
 4 0 3 1 : 0628 : 117.75, 0.00, 18.75 
 4 0 3 2 : 0617 : 111.25, 0.00, 12.25 
 4 0 3 3 : 0627 : 111.25, 0.00, 18.75 
 4 0 3 4 : 0616 : 104.75, 0.00, 12.25 
 4 0 3 5 : 0626 : 104.75, 0.00, 18.75 
 4 0 3 6 : 0615 : 98.25, 0.00, 12.25 
 4 0 3 7 : 0625 : 98.25, 0.00, 18.75 
# scr car chip chan : pmt-raw-col : x, y, z 
 4 1 0 0 : 0534 : 31.75, 0.00, 25.25 
 4 1 0 1 : 0544 : 31.75, 0.00, 31.75 
 4 1 0 2 : 0533 : 25.25, 0.00, 25.25 
 4 1 0 3 : 0543 : 25.25, 0.00, 31.75 
 4 1 0 4 : 0532 : 18.75, 0.00, 25.25 
 4 1 0 5 : 0542 : 18.75, 0.00, 31.75 
 4 1 0 6 : 0531 : 12.25, 0.00, 25.25 
 4 1 0 7 : 0541 : 12.25, 0.00, 31.75 
 4 1 1 0 : 0538 : 57.75, 0.00, 25.25 
 4 1 1 1 : 0548 : 57.75, 0.00, 31.75 
 4 1 1 2 : 0537 : 51.25, 0.00, 25.25 
 4 1 1 3 : 0547 : 51.25, 0.00, 31.75 
 4 1 1 4 : 0536 : 44.75, 0.00, 25.25 
 4 1 1 5 : 0546 : 44.75, 0.00, 31.75 
 4 1 1 6 : 0535 : 38.25, 0.00, 25.25 
 4 1 1 7 : 0545 : 38.25, 0.00, 31.75 
 4 1 2 0 : 0644 : 91.75, 0.00, 31.75 
 4 1 2 1 : 0634 : 91.75, 0.00, 25.25 
 4 1 2 2 : 0643 : 85.25, 0.00, 31.75 
 4 1 2 3 : 0633 : 85.25, 0.00, 25.25 
 4 1 2 4 : 0642 : 78.75, 0.00, 31.75 
 4 1 2 5 : 0632 : 78.75, 0.00, 25.25 
 4 1 2 6 : 0641 : 72.25, 0.00, 31.75 
 4 1 2 7 : 0631 : 72.25, 0.00, 25.25 
 4 1 3 0 : 0648 : 117.75, 0.00, 31.75 
 4 1 3 1 : 0638 : 117.75, 0.00, 25.25 
 4 1 3 2 : 0647 : 111.25, 0.00, 31.75 
 4 1 3 3 : 0637 : 111.25, 0.00, 25.25 
 4 1 3 4 : 0646 : 104.75, 0.00, 31.75 
 4 1 3 5 : 0636 : 104.75, 0.00, 25.25 
 4 1 3 6 : 0645 : 98.25, 0.00, 31.75 
 4 1 3 7 : 0635 : 98.25, 0.00, 25.25 
# scr car chip chan : pmt-raw-col : x, y, z 
 4 2 0 0 : 0554 : 31.75, 0.00, 38.25 
 4 2 0 1 : 0564 : 31.75, 0.00, 44.75 
 4 2 0 2 : 0553 : 25.25, 0.00, 38.25 
 4 2 0 3 : 0563 : 25.25, 0.00, 44.75 
 4 2 0 4 : 0552 : 18.75, 0.00, 38.25 
 4 2 0 5 : 0562 : 18.75, 0.00, 44.75 
 4 2 0 6 : 0551 : 12.25, 0.00, 38.25 
 4 2 0 7 : 0561 : 12.25, 0.00, 44.75 
 4 2 1 0 : 0558 : 57.75, 0.00, 38.25 
 4 2 1 1 : 0568 : 57.75, 0.00, 44.75 
 4 2 1 2 : 0557 : 51.25, 0.00, 38.25 
 4 2 1 3 : 0567 : 51.25, 0.00, 44.75 
 4 2 1 4 : 0556 : 44.75, 0.00, 38.25 
 4 2 1 5 : 0566 : 44.75, 0.00, 44.75 
 4 2 1 6 : 0555 : 38.25, 0.00, 38.25 
 4 2 1 7 : 0565 : 38.25, 0.00, 44.75 
 4 2 2 0 : 0664 : 91.75, 0.00, 44.75 
 4 2 2 1 : 0654 : 91.75, 0.00, 38.25 
 4 2 2 2 : 0663 : 85.25, 0.00, 44.75 
 4 2 2 3 : 0653 : 85.25, 0.00, 38.25 
 4 2 2 4 : 0662 : 78.75, 0.00, 44.75 
 4 2 2 5 : 0652 : 78.75, 0.00, 38.25 
 4 2 2 6 : 0661 : 72.25, 0.00, 44.75 
 4 2 2 7 : 0651 : 72.25, 0.00, 38.25 
 4 2 3 0 : 0668 : 117.75, 0.00, 44.75 
 4 2 3 1 : 0658 : 117.75, 0.00, 38.25 
 4 2 3 2 : 0667 : 111.25, 0.00, 44.75 
 4 2 3 3 : 0657 : 111.25, 0.00, 38.25 
 4 2 3 4 : 0666 : 104.75, 0.00, 44.75 
 4 2 3 5 : 0656 : 104.75, 0.00, 38.25 
 4 2 3 6 : 0665 : 98.25, 0.00, 44.75 
 4 2 3 7 : 0655 : 98.25, 0.00, 38.25 
# scr car chip chan : pmt-raw-col : x, y, z 
 4 3 0 0 : 0574 : 31.75, 0.00, 51.25 
 4 3 0 1 : 0584 : 31.75, 0.00, 57.75 
 4 3 0 2 : 0573 : 25.25, 0.00, 51.25 
 4 3 0 3 : 0583 : 25.25, 0.00, 57.75 
 4 3 0 4 : 0572 : 18.75, 0.00, 51.25 
 4 3 0 5 : 0582 : 18.75, 0.00, 57.75 
 4 3 0 6 : 0571 : 12.25, 0.00, 51.25 
 4 3 0 7 : 0581 : 12.25, 0.00, 57.75 
 4 3 1 0 : 0578 : 57.75, 0.00, 51.25 
 4 3 1 1 : 0588 : 57.75, 0.00, 57.75 
 4 3 1 2 : 0577 : 51.25, 0.00, 51.25 
 4 3 1 3 : 0587 : 51.25, 0.00, 57.75 
 4 3 1 4 : 0576 : 44.75, 0.00, 51.25 
 4 3 1 5 : 0586 : 44.75, 0.00, 57.75 
 4 3 1 6 : 0575 : 38.25, 0.00, 51.25 
 4 3 1 7 : 0585 : 38.25, 0.00, 57.75 
 4 3 2 0 : 0684 : 91.75, 0.00, 57.75 
 4 3 2 1 : 0674 : 91.75, 0.00, 51.25 
 4 3 2 2 : 0683 : 85.25, 0.00, 57.75 
 4 3 2 3 : 0673 : 85.25, 0.00, 51.25 
 4 3 2 4 : 0682 : 78.75, 0.00, 57.75 
 4 3 2 5 : 0672 : 78.75, 0.00, 51.25 
 4 3 2 6 : 0681 : 72.25, 0.00, 57.75 
 4 3 2 7 : 0671 : 72.25, 0.00, 51.25 
 4 3 3 0 : 0688 : 117.75, 0.00, 57.75 
 4 3 3 1 : 0678 : 117.75, 0.00, 51.25 
 4 3 3 2 : 0687 : 111.25, 0.00, 57.75 
 4 3 3 3 : 0677 : 111.25, 0.00, 51.25 
 4 3 3 4 : 0686 : 104.75, 0.00, 57.75 
 4 3 3 5 : 0676 : 104.75, 0.00, 51.25 
 4 3 3 6 : 0685 : 98.25, 0.00, 57.75 
 4 3 3 7 : 0675 : 98.25, 0.00, 51.25 
# scr car chip chan : pmt-raw-col : x, y, z 
 13 0 0 0 : 1024 : 0.00, 98.25, 18.75 
 13 0 0 1 : 1014 : 0.00, 98.25, 12.25 
 13 0 0 2 : 1023 : 0.00, 104.75, 18.75 
 13 0 0 3 : 1013 : 0.00, 104.75, 12.25 
 13 0 0 4 : 1022 : 0.00, 111.25, 18.75 
 13 0 0 5 : 1012 : 0.00, 111.25, 12.25 
 13 0 0 6 : 1021 : 0.00, 117.75, 18.75 
 13 0 0 7 : 1011 : 0.00, 117.75, 12.25 
 13 0 1 0 : 1028 : 0.00, 72.25, 18.75 
 13 0 1 1 : 1018 : 0.00, 72.25, 12.25 
 13 0 1 2 : 1027 : 0.00, 78.75, 18.75 
 13 0 1 3 : 1017 : 0.00, 78.75, 12.25 
 13 0 1 4 : 1026 : 0.00, 85.25, 18.75 
 13 0 1 5 : 1016 : 0.00, 85.25, 12.25 
 13 0 1 6 : 1025 : 0.00, 91.75, 18.75 
 13 0 1 7 : 1015 : 0.00, 91.75, 12.25 
 13 0 2 0 : 0914 : 0.00, 38.25, 12.25 
 13 0 2 1 : 0924 : 0.00, 38.25, 18.75 
 13 0 2 2 : 0913 : 0.00, 44.75, 12.25 
 13 0 2 3 : 0923 : 0.00, 44.75, 18.75 
 13 0 2 4 : 0912 : 0.00, 51.25, 12.25 
 13 0 2 5 : 0922 : 0.00, 51.25, 18.75 
 13 0 2 6 : 0911 : 0.00, 57.75, 12.25 
 13 0 2 7 : 0921 : 0.00, 57.75, 18.75 
 13 0 3 0 : 0918 : 0.00, 12.25, 12.25 
 13 0 3 1 : 0928 : 0.00, 12.25, 18.75 
 13 0 3 2 : 0917 : 0.00, 18.75, 12.25 
 13 0 3 3 : 0927 : 0.00, 18.75, 18.75 
 13 0 3 4 : 0916 : 0.00, 25.25, 12.25 
 13 0 3 5 : 0926 : 0.00, 25.25, 18.75 
 13 0 3 6 : 0915 : 0.00, 31.75, 12.25 
 13 0 3 7 : 0925 : 0.00, 31.75, 18.75 
# scr car chip chan : pmt-raw-col : x, y, z 
 13 1 0 0 : 1034 : 0.00, 98.25, 25.25 
 13 1 0 1 : 1044 : 0.00, 98.25, 31.75 
 13 1 0 2 : 1033 : 0.00, 104.75, 25.25 
 13 1 0 3 : 1043 : 0.00, 104.75, 31.75 
 13 1 0 4 : 1032 : 0.00, 111.25, 25.25 
 13 1 0 5 : 1042 : 0.00, 111.25, 31.75 
 13 1 0 6 : 1031 : 0.00, 117.75, 25.25 
 13 1 0 7 : 1041 : 0.00, 117.75, 31.75 
 13 1 1 0 : 1038 : 0.00, 72.25, 25.25 
 13 1 1 1 : 1048 : 0.00, 72.25, 31.75 
 13 1 1 2 : 1037 : 0.00, 78.75, 25.25 
 13 1 1 3 : 1047 : 0.00, 78.75, 31.75 
 13 1 1 4 : 1036 : 0.00, 85.25, 25.25 
 13 1 1 5 : 1046 : 0.00, 85.25, 31.75 
 13 1 1 6 : 1035 : 0.00, 91.75, 25.25 
 13 1 1 7 : 1045 : 0.00, 91.75, 31.75 
 13 1 2 0 : 0944 : 0.00, 38.25, 31.75 
 13 1 2 1 : 0934 : 0.00, 38.25, 25.25 
 13 1 2 2 : 0943 : 0.00, 44.75, 31.75 
 13 1 2 3 : 0933 : 0.00, 44.75, 25.25 
 13 1 2 4 : 0942 : 0.00, 51.25, 31.75 
 13 1 2 5 : 0932 : 0.00, 51.25, 25.25 
 13 1 2 6 : 0941 : 0.00, 57.75, 31.75 
 13 1 2 7 : 0931 : 0.00, 57.75, 25.25 
 13 1 3 0 : 0948 : 0.00, 12.25, 31.75 
 13 1 3 1 : 0938 : 0.00, 12.25, 25.25 
 13 1 3 2 : 0947 : 0.00, 18.75, 31.75 
 13 1 3 3 : 0937 : 0.00, 18.75, 25.25 
 13 1 3 4 : 0946 : 0.00, 25.25, 31.75 
 13 1 3 5 : 0936 : 0.00, 25.25, 25.25 
 13 1 3 6 : 0945 : 0.00, 31.75, 31.75 
 13 1 3 7 : 0935 : 0.00, 31.75, 25.25 
# scr car chip chan : pmt-raw-col : x, y, z 
 13 2 0 0 : 1054 : 0.00, 98.25, 38.25 
 13 2 0 1 : 1064 : 0.00, 98.25, 44.75 
 13 2 0 2 : 1053 : 0.00, 104.75, 38.25 
 13 2 0 3 : 1063 : 0.00, 104.75, 44.75 
 13 2 0 4 : 1052 : 0.00, 111.25, 38.25 
 13 2 0 5 : 1062 : 0.00, 111.25, 44.75 
 13 2 0 6 : 1051 : 0.00, 117.75, 38.25 
 13 2 0 7 : 1061 : 0.00, 117.75, 44.75 
 13 2 1 0 : 1058 : 0.00, 72.25, 38.25 
 13 2 1 1 : 1068 : 0.00, 72.25, 44.75 
 13 2 1 2 : 1057 : 0.00, 78.75, 38.25 
 13 2 1 3 : 1067 : 0.00, 78.75, 44.75 
 13 2 1 4 : 1056 : 0.00, 85.25, 38.25 
 13 2 1 5 : 1066 : 0.00, 85.25, 44.75 
 13 2 1 6 : 1055 : 0.00, 91.75, 38.25 
 13 2 1 7 : 1065 : 0.00, 91.75, 44.75 
 13 2 2 0 : 0964 : 0.00, 38.25, 44.75 
 13 2 2 1 : 0954 : 0.00, 38.25, 38.25 
 13 2 2 2 : 0963 : 0.00, 44.75, 44.75 
 13 2 2 3 : 0953 : 0.00, 44.75, 38.25 
 13 2 2 4 : 0962 : 0.00, 51.25, 44.75 
 13 2 2 5 : 0952 : 0.00, 51.25, 38.25 
 13 2 2 6 : 0961 : 0.00, 57.75, 44.75 
 13 2 2 7 : 0951 : 0.00, 57.75, 38.25 
 13 2 3 0 : 0968 : 0.00, 12.25, 44.75 
 13 2 3 1 : 0958 : 0.00, 12.25, 38.25 
 13 2 3 2 : 0967 : 0.00, 18.75, 44.75 
 13 2 3 3 : 0957 : 0.00, 18.75, 38.25 
 13 2 3 4 : 0966 : 0.00, 25.25, 44.75 
 13 2 3 5 : 0956 : 0.00, 25.25, 38.25 
 13 2 3 6 : 0965 : 0.00, 31.75, 44.75 
 13 2 3 7 : 0955 : 0.00, 31.75, 38.25 
# scr car chip chan : pmt-raw-col : x, y, z 
 13 3 0 0 : 1074 : 0.00, 98.25, 51.25 
 13 3 0 1 : 1084 : 0.00, 98.25, 57.75 
 13 3 0 2 : 1073 : 0.00, 104.75, 51.25 
 13 3 0 3 : 1083 : 0.00, 104.75, 57.75 
 13 3 0 4 : 1072 : 0.00, 111.25, 51.25 
 13 3 0 5 : 1082 : 0.00, 111.25, 57.75 
 13 3 0 6 : 1071 : 0.00, 117.75, 51.25 
 13 3 0 7 : 1081 : 0.00, 117.75, 57.75 
 13 3 1 0 : 1078 : 0.00, 72.25, 51.25 
 13 3 1 1 : 1088 : 0.00, 72.25, 57.75 
 13 3 1 2 : 1077 : 0.00, 78.75, 51.25 
 13 3 1 3 : 1087 : 0.00, 78.75, 57.75 
 13 3 1 4 : 1076 : 0.00, 85.25, 51.25 
 13 3 1 5 : 1086 : 0.00, 85.25, 57.75 
 13 3 1 6 : 1075 : 0.00, 91.75, 51.25 
 13 3 1 7 : 1085 : 0.00, 91.75, 57.75 
 13 3 2 0 : 0984 : 0.00, 38.25, 57.75 
 13 3 2 1 : 0974 : 0.00, 38.25, 51.25 
 13 3 2 2 : 0983 : 0.00, 44.75, 57.75 
 13 3 2 3 : 0973 : 0.00, 44.75, 51.25 
 13 3 2 4 : 0982 : 0.00, 51.25, 57.75 
 13 3 2 5 : 0972 : 0.00, 51.25, 51.25 
 13 3 2 6 : 0981 : 0.00, 57.75, 57.75 
 13 3 2 7 : 0971 : 0.00, 57.75, 51.25 
 13 3 3 0 : 0988 : 0.00, 12.25, 57.75 
 13 3 3 1 : 0978 : 0.00, 12.25, 51.25 
 13 3 3 2 : 0987 : 0.00, 18.75, 57.75 
 13 3 3 3 : 0977 : 0.00, 18.75, 51.25 
 13 3 3 4 : 0986 : 0.00, 25.25, 57.75 
 13 3 3 5 : 0976 : 0.00, 25.25, 51.25 
 13 3 3 6 : 0985 : 0.00, 31.75, 57.75 
 13 3 3 7 : 0975 : 0.00, 31.75, 51.25 
# scr car chip chan : pmt-raw-col : x, y, z 
 6 0 0 0 : 1124 : 0.00, 31.75, 111.25 
 6 0 0 1 : 1114 : 0.00, 31.75, 117.75 
 6 0 0 2 : 1123 : 0.00, 25.25, 111.25 
 6 0 0 3 : 1113 : 0.00, 25.25, 117.75 
 6 0 0 4 : 1122 : 0.00, 18.75, 111.25 
 6 0 0 5 : 1112 : 0.00, 18.75, 117.75 
 6 0 0 6 : 1121 : 0.00, 12.25, 111.25 
 6 0 0 7 : 1111 : 0.00, 12.25, 117.75 
 6 0 1 0 : 1128 : 0.00, 57.75, 111.25 
 6 0 1 1 : 1118 : 0.00, 57.75, 117.75 
 6 0 1 2 : 1127 : 0.00, 51.25, 111.25 
 6 0 1 3 : 1117 : 0.00, 51.25, 117.75 
 6 0 1 4 : 1126 : 0.00, 44.75, 111.25 
 6 0 1 5 : 1116 : 0.00, 44.75, 117.75 
 6 0 1 6 : 1125 : 0.00, 38.25, 111.25 
 6 0 1 7 : 1115 : 0.00, 38.25, 117.75 
 6 0 2 0 : 1214 : 0.00, 91.75, 117.75 
 6 0 2 1 : 1224 : 0.00, 91.75, 111.25 
 6 0 2 2 : 1213 : 0.00, 85.25, 117.75 
 6 0 2 3 : 1223 : 0.00, 85.25, 111.25 
 6 0 2 4 : 1212 : 0.00, 78.75, 117.75 
 6 0 2 5 : 1222 : 0.00, 78.75, 111.25 
 6 0 2 6 : 1211 : 0.00, 72.25, 117.75 
 6 0 2 7 : 1221 : 0.00, 72.25, 111.25 
 6 0 3 0 : 1218 : 0.00, 117.75, 117.75 
 6 0 3 1 : 1228 : 0.00, 117.75, 111.25 
 6 0 3 2 : 1217 : 0.00, 111.25, 117.75 
 6 0 3 3 : 1227 : 0.00, 111.25, 111.25 
 6 0 3 4 : 1216 : 0.00, 104.75, 117.75 
 6 0 3 5 : 1226 : 0.00, 104.75, 111.25 
 6 0 3 6 : 1215 : 0.00, 98.25, 117.75 
 6 0 3 7 : 1225 : 0.00, 98.25, 111.25 
# scr car chip chan : pmt-raw-col : x, y, z 
 6 1 0 0 : 1134 : 0.00, 31.75, 104.75 
 6 1 0 1 : 1144 : 0.00, 31.75, 98.25 
 6 1 0 2 : 1133 : 0.00, 25.25, 104.75 
 6 1 0 3 : 1143 : 0.00, 25.25, 98.25 
 6 1 0 4 : 1132 : 0.00, 18.75, 104.75 
 6 1 0 5 : 1142 : 0.00, 18.75, 98.25 
 6 1 0 6 : 1131 : 0.00, 12.25, 104.75 
 6 1 0 7 : 1141 : 0.00, 12.25, 98.25 
 6 1 1 0 : 1138 : 0.00, 57.75, 104.75 
 6 1 1 1 : 1148 : 0.00, 57.75, 98.25 
 6 1 1 2 : 1137 : 0.00, 51.25, 104.75 
 6 1 1 3 : 1147 : 0.00, 51.25, 98.25 
 6 1 1 4 : 1136 : 0.00, 44.75, 104.75 
 6 1 1 5 : 1146 : 0.00, 44.75, 98.25 
 6 1 1 6 : 1135 : 0.00, 38.25, 104.75 
 6 1 1 7 : 1145 : 0.00, 38.25, 98.25 
 6 1 2 0 : 1244 : 0.00, 91.75, 98.25 
 6 1 2 1 : 1234 : 0.00, 91.75, 104.75 
 6 1 2 2 : 1243 : 0.00, 85.25, 98.25 
 6 1 2 3 : 1233 : 0.00, 85.25, 104.75 
 6 1 2 4 : 1242 : 0.00, 78.75, 98.25 
 6 1 2 5 : 1232 : 0.00, 78.75, 104.75 
 6 1 2 6 : 1241 : 0.00, 72.25, 98.25 
 6 1 2 7 : 1231 : 0.00, 72.25, 104.75 
 6 1 3 0 : 1248 : 0.00, 117.75, 98.25 
 6 1 3 1 : 1238 : 0.00, 117.75, 104.75 
 6 1 3 2 : 1247 : 0.00, 111.25, 98.25 
 6 1 3 3 : 1237 : 0.00, 111.25, 104.75 
 6 1 3 4 : 1246 : 0.00, 104.75, 98.25 
 6 1 3 5 : 1236 : 0.00, 104.75, 104.75 
 6 1 3 6 : 1245 : 0.00, 98.25, 98.25 
 6 1 3 7 : 1235 : 0.00, 98.25, 104.75 
# scr car chip chan : pmt-raw-col : x, y, z 
 6 2 0 0 : 1154 : 0.00, 31.75, 91.75 
 6 2 0 1 : 1164 : 0.00, 31.75, 85.25 
 6 2 0 2 : 1153 : 0.00, 25.25, 91.75 
 6 2 0 3 : 1163 : 0.00, 25.25, 85.25 
 6 2 0 4 : 1152 : 0.00, 18.75, 91.75 
 6 2 0 5 : 1162 : 0.00, 18.75, 85.25 
 6 2 0 6 : 1151 : 0.00, 12.25, 91.75 
 6 2 0 7 : 1161 : 0.00, 12.25, 85.25 
 6 2 1 0 : 1158 : 0.00, 57.75, 91.75 
 6 2 1 1 : 1168 : 0.00, 57.75, 85.25 
 6 2 1 2 : 1157 : 0.00, 51.25, 91.75 
 6 2 1 3 : 1167 : 0.00, 51.25, 85.25 
 6 2 1 4 : 1156 : 0.00, 44.75, 91.75 
 6 2 1 5 : 1166 : 0.00, 44.75, 85.25 
 6 2 1 6 : 1155 : 0.00, 38.25, 91.75 
 6 2 1 7 : 1165 : 0.00, 38.25, 85.25 
 6 2 2 0 : 1264 : 0.00, 91.75, 85.25 
 6 2 2 1 : 1254 : 0.00, 91.75, 91.75 
 6 2 2 2 : 1263 : 0.00, 85.25, 85.25 
 6 2 2 3 : 1253 : 0.00, 85.25, 91.75 
 6 2 2 4 : 1262 : 0.00, 78.75, 85.25 
 6 2 2 5 : 1252 : 0.00, 78.75, 91.75 
 6 2 2 6 : 1261 : 0.00, 72.25, 85.25 
 6 2 2 7 : 1251 : 0.00, 72.25, 91.75 
 6 2 3 0 : 1268 : 0.00, 117.75, 85.25 
 6 2 3 1 : 1258 : 0.00, 117.75, 91.75 
 6 2 3 2 : 1267 : 0.00, 111.25, 85.25 
 6 2 3 3 : 1257 : 0.00, 111.25, 91.75 
 6 2 3 4 : 1266 : 0.00, 104.75, 85.25 
 6 2 3 5 : 1256 : 0.00, 104.75, 91.75 
 6 2 3 6 : 1265 : 0.00, 98.25, 85.25 
 6 2 3 7 : 1255 : 0.00, 98.25, 91.75 
# scr car chip chan : pmt-raw-col : x, y, z 
 6 3 0 0 : 1174 : 0.00, 31.75, 78.75 
 6 3 0 1 : 1184 : 0.00, 31.75, 72.25 
 6 3 0 2 : 1173 : 0.00, 25.25, 78.75 
 6 3 0 3 : 1183 : 0.00, 25.25, 72.25 
 6 3 0 4 : 1172 : 0.00, 18.75, 78.75 
 6 3 0 5 : 1182 : 0.00, 18.75, 72.25 
 6 3 0 6 : 1171 : 0.00, 12.25, 78.75 
 6 3 0 7 : 1181 : 0.00, 12.25, 72.25 
 6 3 1 0 : 1178 : 0.00, 57.75, 78.75 
 6 3 1 1 : 1188 : 0.00, 57.75, 72.25 
 6 3 1 2 : 1177 : 0.00, 51.25, 78.75 
 6 3 1 3 : 1187 : 0.00, 51.25, 72.25 
 6 3 1 4 : 1176 : 0.00, 44.75, 78.75 
 6 3 1 5 : 1186 : 0.00, 44.75, 72.25 
 6 3 1 6 : 1175 : 0.00, 38.25, 78.75 
 6 3 1 7 : 1185 : 0.00, 38.25, 72.25 
 6 3 2 0 : 1284 : 0.00, 91.75, 72.25 
 6 3 2 1 : 1274 : 0.00, 91.75, 78.75 
 6 3 2 2 : 1283 : 0.00, 85.25, 72.25 
 6 3 2 3 : 1273 : 0.00, 85.25, 78.75 
 6 3 2 4 : 1282 : 0.00, 78.75, 72.25 
 6 3 2 5 : 1272 : 0.00, 78.75, 78.75 
 6 3 2 6 : 1281 : 0.00, 72.25, 72.25 
 6 3 2 7 : 1271 : 0.00, 72.25, 78.75 
 6 3 3 0 : 1288 : 0.00, 117.75, 72.25 
 6 3 3 1 : 1278 : 0.00, 117.75, 78.75 
 6 3 3 2 : 1287 : 0.00, 111.25, 72.25 
 6 3 3 3 : 1277 : 0.00, 111.25, 78.75 
 6 3 3 4 : 1286 : 0.00, 104.75, 72.25 
 6 3 3 5 : 1276 : 0.00, 104.75, 78.75 
 6 3 3 6 : 1285 : 0.00, 98.25, 72.25 
 6 3 3 7 : 1275 : 0.00, 98.25, 78.75 
# scr car chip chan : pmt-raw-col : x, y, z 
 7 0 0 0 : 2124 : 31.75, 18.75, 130.00 
 7 0 0 1 : 2114 : 31.75, 12.25, 130.00 
 7 0 0 2 : 2123 : 25.25, 18.75, 130.00 
 7 0 0 3 : 2113 : 25.25, 12.25, 130.00 
 7 0 0 4 : 2122 : 18.75, 18.75, 130.00 
 7 0 0 5 : 2112 : 18.75, 12.25, 130.00 
 7 0 0 6 : 2121 : 12.25, 18.75, 130.00 
 7 0 0 7 : 2111 : 12.25, 12.25, 130.00 
 7 0 1 0 : 2128 : 57.75, 18.75, 130.00 
 7 0 1 1 : 2118 : 57.75, 12.25, 130.00 
 7 0 1 2 : 2127 : 51.25, 18.75, 130.00 
 7 0 1 3 : 2117 : 51.25, 12.25, 130.00 
 7 0 1 4 : 2126 : 44.75, 18.75, 130.00 
 7 0 1 5 : 2116 : 44.75, 12.25, 130.00 
 7 0 1 6 : 2125 : 38.25, 18.75, 130.00 
 7 0 1 7 : 2115 : 38.25, 12.25, 130.00 
 7 0 2 0 : 2214 : 91.75, 12.25, 130.00 
 7 0 2 1 : 2224 : 91.75, 18.75, 130.00 
 7 0 2 2 : 2213 : 85.25, 12.25, 130.00 
 7 0 2 3 : 2223 : 85.25, 18.75, 130.00 
 7 0 2 4 : 2212 : 78.75, 12.25, 130.00 
 7 0 2 5 : 2222 : 78.75, 18.75, 130.00 
 7 0 2 6 : 2211 : 72.25, 12.25, 130.00 
 7 0 2 7 : 2221 : 72.25, 18.75, 130.00 
 7 0 3 0 : 2218 : 117.75, 12.25, 130.00 
 7 0 3 1 : 2228 : 117.75, 18.75, 130.00 
 7 0 3 2 : 2217 : 111.25, 12.25, 130.00 
 7 0 3 3 : 2227 : 111.25, 18.75, 130.00 
 7 0 3 4 : 2216 : 104.75, 12.25, 130.00 
 7 0 3 5 : 2226 : 104.75, 18.75, 130.00 
 7 0 3 6 : 2215 : 98.25, 12.25, 130.00 
 7 0 3 7 : 2225 : 98.25, 18.75, 130.00 
# scr car chip chan : pmt-raw-col : x, y, z 
 7 1 0 0 : 2134 : 31.75, 25.25, 130.00 
 7 1 0 1 : 2144 : 31.75, 31.75, 130.00 
 7 1 0 2 : 2133 : 25.25, 25.25, 130.00 
 7 1 0 3 : 2143 : 25.25, 31.75, 130.00 
 7 1 0 4 : 2132 : 18.75, 25.25, 130.00 
 7 1 0 5 : 2142 : 18.75, 31.75, 130.00 
 7 1 0 6 : 2131 : 12.25, 25.25, 130.00 
 7 1 0 7 : 2141 : 12.25, 31.75, 130.00 
 7 1 1 0 : 2138 : 57.75, 25.25, 130.00 
 7 1 1 1 : 2148 : 57.75, 31.75, 130.00 
 7 1 1 2 : 2137 : 51.25, 25.25, 130.00 
 7 1 1 3 : 2147 : 51.25, 31.75, 130.00 
 7 1 1 4 : 2136 : 44.75, 25.25, 130.00 
 7 1 1 5 : 2146 : 44.75, 31.75, 130.00 
 7 1 1 6 : 2135 : 38.25, 25.25, 130.00 
 7 1 1 7 : 2145 : 38.25, 31.75, 130.00 
 7 1 2 0 : 2244 : 91.75, 31.75, 130.00 
 7 1 2 1 : 2234 : 91.75, 25.25, 130.00 
 7 1 2 2 : 2243 : 85.25, 31.75, 130.00 
 7 1 2 3 : 2233 : 85.25, 25.25, 130.00 
 7 1 2 4 : 2242 : 78.75, 31.75, 130.00 
 7 1 2 5 : 2232 : 78.75, 25.25, 130.00 
 7 1 2 6 : 2241 : 72.25, 31.75, 130.00 
 7 1 2 7 : 2231 : 72.25, 25.25, 130.00 
 7 1 3 0 : 2248 : 117.75, 31.75, 130.00 
 7 1 3 1 : 2238 : 117.75, 25.25, 130.00 
 7 1 3 2 : 2247 : 111.25, 31.75, 130.00 
 7 1 3 3 : 2237 : 111.25, 25.25, 130.00 
 7 1 3 4 : 2246 : 104.75, 31.75, 130.00 
 7 1 3 5 : 2236 : 104.75, 25.25, 130.00 
 7 1 3 6 : 2245 : 98.25, 31.75, 130.00 
 7 1 3 7 : 2235 : 98.25, 25.25, 130.00 
# scr car chip chan : pmt-raw-col : x, y, z 
 7 2 0 0 : 2154 : 31.75, 38.25, 130.00 
 7 2 0 1 : 2164 : 31.75, 44.75, 130.00 
 7 2 0 2 : 2153 : 25.25, 38.25, 130.00 
 7 2 0 3 : 2163 : 25.25, 44.75, 130.00 
 7 2 0 4 : 2152 : 18.75, 38.25, 130.00 
 7 2 0 5 : 2162 : 18.75, 44.75, 130.00 
 7 2 0 6 : 2151 : 12.25, 38.25, 130.00 
 7 2 0 7 : 2161 : 12.25, 44.75, 130.00 
 7 2 1 0 : 2158 : 57.75, 38.25, 130.00 
 7 2 1 1 : 2168 : 57.75, 44.75, 130.00 
 7 2 1 2 : 2157 : 51.25, 38.25, 130.00 
 7 2 1 3 : 2167 : 51.25, 44.75, 130.00 
 7 2 1 4 : 2156 : 44.75, 38.25, 130.00 
 7 2 1 5 : 2166 : 44.75, 44.75, 130.00 
 7 2 1 6 : 2155 : 38.25, 38.25, 130.00 
 7 2 1 7 : 2165 : 38.25, 44.75, 130.00 
 7 2 2 0 : 2264 : 91.75, 44.75, 130.00 
 7 2 2 1 : 2254 : 91.75, 38.25, 130.00 
 7 2 2 2 : 2263 : 85.25, 44.75, 130.00 
 7 2 2 3 : 2253 : 85.25, 38.25, 130.00 
 7 2 2 4 : 2262 : 78.75, 44.75, 130.00 
 7 2 2 5 : 2252 : 78.75, 38.25, 130.00 
 7 2 2 6 : 2261 : 72.25, 44.75, 130.00 
 7 2 2 7 : 2251 : 72.25, 38.25, 130.00 
 7 2 3 0 : 2268 : 117.75, 44.75, 130.00 
 7 2 3 1 : 2258 : 117.75, 38.25, 130.00 
 7 2 3 2 : 2267 : 111.25, 44.75, 130.00 
 7 2 3 3 : 2257 : 111.25, 38.25, 130.00 
 7 2 3 4 : 2266 : 104.75, 44.75, 130.00 
 7 2 3 5 : 2256 : 104.75, 38.25, 130.00 
 7 2 3 6 : 2265 : 98.25, 44.75, 130.00 
 7 2 3 7 : 2255 : 98.25, 38.25, 130.00 
# scr car chip chan : pmt-raw-col : x, y, z 
 7 3 0 0 : 2174 : 31.75, 51.25, 130.00 
 7 3 0 1 : 2184 : 31.75, 57.75, 130.00 
 7 3 0 2 : 2173 : 25.25, 51.25, 130.00 
 7 3 0 3 : 2183 : 25.25, 57.75, 130.00 
 7 3 0 4 : 2172 : 18.75, 51.25, 130.00 
 7 3 0 5 : 2182 : 18.75, 57.75, 130.00 
 7 3 0 6 : 2171 : 12.25, 51.25, 130.00 
 7 3 0 7 : 2181 : 12.25, 57.75, 130.00 
 7 3 1 0 : 2178 : 57.75, 51.25, 130.00 
 7 3 1 1 : 2188 : 57.75, 57.75, 130.00 
 7 3 1 2 : 2177 : 51.25, 51.25, 130.00 
 7 3 1 3 : 2187 : 51.25, 57.75, 130.00 
 7 3 1 4 : 2176 : 44.75, 51.25, 130.00 
 7 3 1 5 : 2186 : 44.75, 57.75, 130.00 
 7 3 1 6 : 2175 : 38.25, 51.25, 130.00 
 7 3 1 7 : 2185 : 38.25, 57.75, 130.00 
 7 3 2 0 : 2284 : 91.75, 57.75, 130.00 
 7 3 2 1 : 2274 : 91.75, 51.25, 130.00 
 7 3 2 2 : 2283 : 85.25, 57.75, 130.00 
 7 3 2 3 : 2273 : 85.25, 51.25, 130.00 
 7 3 2 4 : 2282 : 78.75, 57.75, 130.00 
 7 3 2 5 : 2272 : 78.75, 51.25, 130.00 
 7 3 2 6 : 2281 : 72.25, 57.75, 130.00 
 7 3 2 7 : 2271 : 72.25, 51.25, 130.00 
 7 3 3 0 : 2288 : 117.75, 57.75, 130.00 
 7 3 3 1 : 2278 : 117.75, 51.25, 130.00 
 7 3 3 2 : 2287 : 111.25, 57.75, 130.00 
 7 3 3 3 : 2277 : 111.25, 51.25, 130.00 
 7 3 3 4 : 2286 : 104.75, 57.75, 130.00 
 7 3 3 5 : 2276 : 104.75, 51.25, 130.00 
 7 3 3 6 : 2285 : 98.25, 57.75, 130.00 
 7 3 3 7 : 2275 : 98.25, 51.25, 130.00 
# scr car chip chan : pmt-raw-col : x, y, z 
 8 0 0 0 : 1624 : 130.00, 98.25, 111.25 
 8 0 0 1 : 1614 : 130.00, 98.25, 117.75 
 8 0 0 2 : 1623 : 130.00, 104.75, 111.25 
 8 0 0 3 : 1613 : 130.00, 104.75, 117.75 
 8 0 0 4 : 1622 : 130.00, 111.25, 111.25 
 8 0 0 5 : 1612 : 130.00, 111.25, 117.75 
 8 0 0 6 : 1621 : 130.00, 117.75, 111.25 
 8 0 0 7 : 1611 : 130.00, 117.75, 117.75 
 8 0 1 0 : 1628 : 130.00, 72.25, 111.25 
 8 0 1 1 : 1618 : 130.00, 72.25, 117.75 
 8 0 1 2 : 1627 : 130.00, 78.75, 111.25 
 8 0 1 3 : 1617 : 130.00, 78.75, 117.75 
 8 0 1 4 : 1626 : 130.00, 85.25, 111.25 
 8 0 1 5 : 1616 : 130.00, 85.25, 117.75 
 8 0 1 6 : 1625 : 130.00, 91.75, 111.25 
 8 0 1 7 : 1615 : 130.00, 91.75, 117.75 
 8 0 2 0 : 1514 : 130.00, 38.25, 117.75 
 8 0 2 1 : 1524 : 130.00, 38.25, 111.25 
 8 0 2 2 : 1513 : 130.00, 44.75, 117.75 
 8 0 2 3 : 1523 : 130.00, 44.75, 111.25 
 8 0 2 4 : 1512 : 130.00, 51.25, 117.75 
 8 0 2 5 : 1522 : 130.00, 51.25, 111.25 
 8 0 2 6 : 1511 : 130.00, 57.75, 117.75 
 8 0 2 7 : 1521 : 130.00, 57.75, 111.25 
 8 0 3 0 : 1518 : 130.00, 12.25, 117.75 
 8 0 3 1 : 1528 : 130.00, 12.25, 111.25 
 8 0 3 2 : 1517 : 130.00, 18.75, 117.75 
 8 0 3 3 : 1527 : 130.00, 18.75, 111.25 
 8 0 3 4 : 1516 : 130.00, 25.25, 117.75 
 8 0 3 5 : 1526 : 130.00, 25.25, 111.25 
 8 0 3 6 : 1515 : 130.00, 31.75, 117.75 
 8 0 3 7 : 1525 : 130.00, 31.75, 111.25 
# scr car chip chan : pmt-raw-col : x, y, z 
 8 1 0 0 : 1634 : 130.00, 98.25, 104.75 
 8 1 0 1 : 1644 : 130.00, 98.25, 98.25 
 8 1 0 2 : 1633 : 130.00, 104.75, 104.75 
 8 1 0 3 : 1643 : 130.00, 104.75, 98.25 
 8 1 0 4 : 1632 : 130.00, 111.25, 104.75 
 8 1 0 5 : 1642 : 130.00, 111.25, 98.25 
 8 1 0 6 : 1631 : 130.00, 117.75, 104.75 
 8 1 0 7 : 1641 : 130.00, 117.75, 98.25 
 8 1 1 0 : 1638 : 130.00, 72.25, 104.75 
 8 1 1 1 : 1648 : 130.00, 72.25, 98.25 
 8 1 1 2 : 1637 : 130.00, 78.75, 104.75 
 8 1 1 3 : 1647 : 130.00, 78.75, 98.25 
 8 1 1 4 : 1636 : 130.00, 85.25, 104.75 
 8 1 1 5 : 1646 : 130.00, 85.25, 98.25 
 8 1 1 6 : 1635 : 130.00, 91.75, 104.75 
 8 1 1 7 : 1645 : 130.00, 91.75, 98.25 
 8 1 2 0 : 1544 : 130.00, 38.25, 98.25 
 8 1 2 1 : 1534 : 130.00, 38.25, 104.75 
 8 1 2 2 : 1543 : 130.00, 44.75, 98.25 
 8 1 2 3 : 1533 : 130.00, 44.75, 104.75 
 8 1 2 4 : 1542 : 130.00, 51.25, 98.25 
 8 1 2 5 : 1532 : 130.00, 51.25, 104.75 
 8 1 2 6 : 1541 : 130.00, 57.75, 98.25 
 8 1 2 7 : 1531 : 130.00, 57.75, 104.75 
 8 1 3 0 : 1548 : 130.00, 12.25, 98.25 
 8 1 3 1 : 1538 : 130.00, 12.25, 104.75 
 8 1 3 2 : 1547 : 130.00, 18.75, 98.25 
 8 1 3 3 : 1537 : 130.00, 18.75, 104.75 
 8 1 3 4 : 1546 : 130.00, 25.25, 98.25 
 8 1 3 5 : 1536 : 130.00, 25.25, 104.75 
 8 1 3 6 : 1545 : 130.00, 31.75, 98.25 
 8 1 3 7 : 1535 : 130.00, 31.75, 104.75 
# scr car chip chan : pmt-raw-col : x, y, z 
 8 2 0 0 : 1654 : 130.00, 98.25, 91.75 
 8 2 0 1 : 1664 : 130.00, 98.25, 85.25 
 8 2 0 2 : 1653 : 130.00, 104.75, 91.75 
 8 2 0 3 : 1663 : 130.00, 104.75, 85.25 
 8 2 0 4 : 1652 : 130.00, 111.25, 91.75 
 8 2 0 5 : 1662 : 130.00, 111.25, 85.25 
 8 2 0 6 : 1651 : 130.00, 117.75, 91.75 
 8 2 0 7 : 1661 : 130.00, 117.75, 85.25 
 8 2 1 0 : 1658 : 130.00, 72.25, 91.75 
 8 2 1 1 : 1668 : 130.00, 72.25, 85.25 
 8 2 1 2 : 1657 : 130.00, 78.75, 91.75 
 8 2 1 3 : 1667 : 130.00, 78.75, 85.25 
 8 2 1 4 : 1656 : 130.00, 85.25, 91.75 
 8 2 1 5 : 1666 : 130.00, 85.25, 85.25 
 8 2 1 6 : 1655 : 130.00, 91.75, 91.75 
 8 2 1 7 : 1665 : 130.00, 91.75, 85.25 
 8 2 2 0 : 1564 : 130.00, 38.25, 85.25 
 8 2 2 1 : 1554 : 130.00, 38.25, 91.75 
 8 2 2 2 : 1563 : 130.00, 44.75, 85.25 
 8 2 2 3 : 1553 : 130.00, 44.75, 91.75 
 8 2 2 4 : 1562 : 130.00, 51.25, 85.25 
 8 2 2 5 : 1552 : 130.00, 51.25, 91.75 
 8 2 2 6 : 1561 : 130.00, 57.75, 85.25 
 8 2 2 7 : 1551 : 130.00, 57.75, 91.75 
 8 2 3 0 : 1568 : 130.00, 12.25, 85.25 
 8 2 3 1 : 1558 : 130.00, 12.25, 91.75 
 8 2 3 2 : 1567 : 130.00, 18.75, 85.25 
 8 2 3 3 : 1557 : 130.00, 18.75, 91.75 
 8 2 3 4 : 1566 : 130.00, 25.25, 85.25 
 8 2 3 5 : 1556 : 130.00, 25.25, 91.75 
 8 2 3 6 : 1565 : 130.00, 31.75, 85.25 
 8 2 3 7 : 1555 : 130.00, 31.75, 91.75 
# scr car chip chan : pmt-raw-col : x, y, z 
 8 3 0 0 : 1674 : 130.00, 98.25, 78.75 
 8 3 0 1 : 1684 : 130.00, 98.25, 72.25 
 8 3 0 2 : 1673 : 130.00, 104.75, 78.75 
 8 3 0 3 : 1683 : 130.00, 104.75, 72.25 
 8 3 0 4 : 1672 : 130.00, 111.25, 78.75 
 8 3 0 5 : 1682 : 130.00, 111.25, 72.25 
 8 3 0 6 : 1671 : 130.00, 117.75, 78.75 
 8 3 0 7 : 1681 : 130.00, 117.75, 72.25 
 8 3 1 0 : 1678 : 130.00, 72.25, 78.75 
 8 3 1 1 : 1688 : 130.00, 72.25, 72.25 
 8 3 1 2 : 1677 : 130.00, 78.75, 78.75 
 8 3 1 3 : 1687 : 130.00, 78.75, 72.25 
 8 3 1 4 : 1676 : 130.00, 85.25, 78.75 
 8 3 1 5 : 1686 : 130.00, 85.25, 72.25 
 8 3 1 6 : 1675 : 130.00, 91.75, 78.75 
 8 3 1 7 : 1685 : 130.00, 91.75, 72.25 
 8 3 2 0 : 1584 : 130.00, 38.25, 72.25 
 8 3 2 1 : 1574 : 130.00, 38.25, 78.75 
 8 3 2 2 : 1583 : 130.00, 44.75, 72.25 
 8 3 2 3 : 1573 : 130.00, 44.75, 78.75 
 8 3 2 4 : 1582 : 130.00, 51.25, 72.25 
 8 3 2 5 : 1572 : 130.00, 51.25, 78.75 
 8 3 2 6 : 1581 : 130.00, 57.75, 72.25 
 8 3 2 7 : 1571 : 130.00, 57.75, 78.75 
 8 3 3 0 : 1588 : 130.00, 12.25, 72.25 
 8 3 3 1 : 1578 : 130.00, 12.25, 78.75 
 8 3 3 2 : 1587 : 130.00, 18.75, 72.25 
 8 3 3 3 : 1577 : 130.00, 18.75, 78.75 
 8 3 3 4 : 1586 : 130.00, 25.25, 72.25 
 8 3 3 5 : 1576 : 130.00, 25.25, 78.75 
 8 3 3 6 : 1585 : 130.00, 31.75, 72.25 
 8 3 3 7 : 1575 : 130.00, 31.75, 78.75 
# scr car chip chan : pmt-raw-col : x, y, z 
 102 0 0 0 : 1924 : 31.75, 130.00, 111.25 
 102 0 0 1 : 1914 : 31.75, 130.00, 117.75 
 102 0 0 2 : 1923 : 25.25, 130.00, 111.25 
 102 0 0 3 : 1913 : 25.25, 130.00, 117.75 
 102 0 0 4 : 1922 : 18.75, 130.00, 111.25 
 102 0 0 5 : 1912 : 18.75, 130.00, 117.75 
 102 0 0 6 : 1921 : 12.25, 130.00, 111.25 
 102 0 0 7 : 1911 : 12.25, 130.00, 117.75 
 102 0 1 0 : 1928 : 57.75, 130.00, 111.25 
 102 0 1 1 : 1918 : 57.75, 130.00, 117.75 
 102 0 1 2 : 1927 : 51.25, 130.00, 111.25 
 102 0 1 3 : 1917 : 51.25, 130.00, 117.75 
 102 0 1 4 : 1926 : 44.75, 130.00, 111.25 
 102 0 1 5 : 1916 : 44.75, 130.00, 117.75 
 102 0 1 6 : 1925 : 38.25, 130.00, 111.25 
 102 0 1 7 : 1915 : 38.25, 130.00, 117.75 
 102 0 2 0 : 2014 : 91.75, 130.00, 117.75 
 102 0 2 1 : 2024 : 91.75, 130.00, 111.25 
 102 0 2 2 : 2013 : 85.25, 130.00, 117.75 
 102 0 2 3 : 2023 : 85.25, 130.00, 111.25 
 102 0 2 4 : 2012 : 78.75, 130.00, 117.75 
 102 0 2 5 : 2022 : 78.75, 130.00, 111.25 
 102 0 2 6 : 2011 : 72.25, 130.00, 117.75 
 102 0 2 7 : 2021 : 72.25, 130.00, 111.25 
 102 0 3 0 : 2018 : 117.75, 130.00, 117.75 
 102 0 3 1 : 2028 : 117.75, 130.00, 111.25 
 102 0 3 2 : 2017 : 111.25, 130.00, 117.75 
 102 0 3 3 : 2027 : 111.25, 130.00, 111.25 
 102 0 3 4 : 2016 : 104.75, 130.00, 117.75 
 102 0 3 5 : 2026 : 104.75, 130.00, 111.25 
 102 0 3 6 : 2015 : 98.25, 130.00, 117.75 
 102 0 3 7 : 2025 : 98.25, 130.00, 111.25 
# scr car chip chan : pmt-raw-col : x, y, z 
 102 1 0 0 : 1934 : 31.75, 130.00, 104.75 
 102 1 0 1 : 1944 : 31.75, 130.00, 98.25 
 102 1 0 2 : 1933 : 25.25, 130.00, 104.75 
 102 1 0 3 : 1943 : 25.25, 130.00, 98.25 
 102 1 0 4 : 1932 : 18.75, 130.00, 104.75 
 102 1 0 5 : 1942 : 18.75, 130.00, 98.25 
 102 1 0 6 : 1931 : 12.25, 130.00, 104.75 
 102 1 0 7 : 1941 : 12.25, 130.00, 98.25 
 102 1 1 0 : 1938 : 57.75, 130.00, 104.75 
 102 1 1 1 : 1948 : 57.75, 130.00, 98.25 
 102 1 1 2 : 1937 : 51.25, 130.00, 104.75 
 102 1 1 3 : 1947 : 51.25, 130.00, 98.25 
 102 1 1 4 : 1936 : 44.75, 130.00, 104.75 
 102 1 1 5 : 1946 : 44.75, 130.00, 98.25 
 102 1 1 6 : 1935 : 38.25, 130.00, 104.75 
 102 1 1 7 : 1945 : 38.25, 130.00, 98.25 
 102 1 2 0 : 2044 : 91.75, 130.00, 98.25 
 102 1 2 1 : 2034 : 91.75, 130.00, 104.75 
 102 1 2 2 : 2043 : 85.25, 130.00, 98.25 
 102 1 2 3 : 2033 : 85.25, 130.00, 104.75 
 102 1 2 4 : 2042 : 78.75, 130.00, 98.25 
 102 1 2 5 : 2032 : 78.75, 130.00, 104.75 
 102 1 2 6 : 2041 : 72.25, 130.00, 98.25 
 102 1 2 7 : 2031 : 72.25, 130.00, 104.75 
 102 1 3 0 : 2048 : 117.75, 130.00, 98.25 
 102 1 3 1 : 2038 : 117.75, 130.00, 104.75 
 102 1 3 2 : 2047 : 111.25, 130.00, 98.25 
 102 1 3 3 : 2037 : 111.25, 130.00, 104.75 
 102 1 3 4 : 2046 : 104.75, 130.00, 98.25 
 102 1 3 5 : 2036 : 104.75, 130.00, 104.75 
 102 1 3 6 : 2045 : 98.25, 130.00, 98.25 
 102 1 3 7 : 2035 : 98.25, 130.00, 104.75 
# scr car chip chan : pmt-raw-col : x, y, z 
 102 2 0 0 : 1954 : 31.75, 130.00, 91.75 
 102 2 0 1 : 1964 : 31.75, 130.00, 85.25 
 102 2 0 2 : 1953 : 25.25, 130.00, 91.75 
 102 2 0 3 : 1963 : 25.25, 130.00, 85.25 
 102 2 0 4 : 1952 : 18.75, 130.00, 91.75 
 102 2 0 5 : 1962 : 18.75, 130.00, 85.25 
 102 2 0 6 : 1951 : 12.25, 130.00, 91.75 
 102 2 0 7 : 1961 : 12.25, 130.00, 85.25 
 102 2 1 0 : 1958 : 57.75, 130.00, 91.75 
 102 2 1 1 : 1968 : 57.75, 130.00, 85.25 
 102 2 1 2 : 1957 : 51.25, 130.00, 91.75 
 102 2 1 3 : 1967 : 51.25, 130.00, 85.25 
 102 2 1 4 : 1956 : 44.75, 130.00, 91.75 
 102 2 1 5 : 1966 : 44.75, 130.00, 85.25 
 102 2 1 6 : 1955 : 38.25, 130.00, 91.75 
 102 2 1 7 : 1965 : 38.25, 130.00, 85.25 
 102 2 2 0 : 2064 : 91.75, 130.00, 85.25 
 102 2 2 1 : 2054 : 91.75, 130.00, 91.75 
 102 2 2 2 : 2063 : 85.25, 130.00, 85.25 
 102 2 2 3 : 2053 : 85.25, 130.00, 91.75 
 102 2 2 4 : 2062 : 78.75, 130.00, 85.25 
 102 2 2 5 : 2052 : 78.75, 130.00, 91.75 
 102 2 2 6 : 2061 : 72.25, 130.00, 85.25 
 102 2 2 7 : 2051 : 72.25, 130.00, 91.75 
 102 2 3 0 : 2068 : 117.75, 130.00, 85.25 
 102 2 3 1 : 2058 : 117.75, 130.00, 91.75 
 102 2 3 2 : 2067 : 111.25, 130.00, 85.25 
 102 2 3 3 : 2057 : 111.25, 130.00, 91.75 
 102 2 3 4 : 2066 : 104.75, 130.00, 85.25 
 102 2 3 5 : 2056 : 104.75, 130.00, 91.75 
 102 2 3 6 : 2065 : 98.25, 130.00, 85.25 
 102 2 3 7 : 2055 : 98.25, 130.00, 91.75 
# scr car chip chan : pmt-raw-col : x, y, z 
 102 3 0 0 : 1974 : 31.75, 130.00, 78.75 
 102 3 0 1 : 1984 : 31.75, 130.00, 72.25 
 102 3 0 2 : 1973 : 25.25, 130.00, 78.75 
 102 3 0 3 : 1983 : 25.25, 130.00, 72.25 
 102 3 0 4 : 1972 : 18.75, 130.00, 78.75 
 102 3 0 5 : 1982 : 18.75, 130.00, 72.25 
 102 3 0 6 : 1971 : 12.25, 130.00, 78.75 
 102 3 0 7 : 1981 : 12.25, 130.00, 72.25 
 102 3 1 0 : 1978 : 57.75, 130.00, 78.75 
 102 3 1 1 : 1988 : 57.75, 130.00, 72.25 
 102 3 1 2 : 1977 : 51.25, 130.00, 78.75 
 102 3 1 3 : 1987 : 51.25, 130.00, 72.25 
 102 3 1 4 : 1976 : 44.75, 130.00, 78.75 
 102 3 1 5 : 1986 : 44.75, 130.00, 72.25 
 102 3 1 6 : 1975 : 38.25, 130.00, 78.75 
 102 3 1 7 : 1985 : 38.25, 130.00, 72.25 
 102 3 2 0 : 2084 : 91.75, 130.00, 72.25 
 102 3 2 1 : 2074 : 91.75, 130.00, 78.75 
 102 3 2 2 : 2083 : 85.25, 130.00, 72.25 
 102 3 2 3 : 2073 : 85.25, 130.00, 78.75 
 102 3 2 4 : 2082 : 78.75, 130.00, 72.25 
 102 3 2 5 : 2072 : 78.75, 130.00, 78.75 
 102 3 2 6 : 2081 : 72.25, 130.00, 72.25 
 102 3 2 7 : 2071 : 72.25, 130.00, 78.75 
 102 3 3 0 : 2088 : 117.75, 130.00, 72.25 
 102 3 3 1 : 2078 : 117.75, 130.00, 78.75 
 102 3 3 2 : 2087 : 111.25, 130.00, 72.25 
 102 3 3 3 : 2077 : 111.25, 130.00, 78.75 
 102 3 3 4 : 2086 : 104.75, 130.00, 72.25 
 102 3 3 5 : 2076 : 104.75, 130.00, 78.75 
 102 3 3 6 : 2085 : 98.25, 130.00, 72.25 
 102 3 3 7 : 2075 : 98.25, 130.00, 78.75 
# scr car chip chan : pmt-raw-col : x, y, z 
 10 0 0 0 : 2424 : 98.25, 111.25, 130.00 
 10 0 0 1 : 2414 : 98.25, 117.75, 130.00 
 10 0 0 2 : 2423 : 104.75, 111.25, 130.00 
 10 0 0 3 : 2413 : 104.75, 117.75, 130.00 
 10 0 0 4 : 2422 : 111.25, 111.25, 130.00 
 10 0 0 5 : 2412 : 111.25, 117.75, 130.00 
 10 0 0 6 : 2421 : 117.75, 111.25, 130.00 
 10 0 0 7 : 2411 : 117.75, 117.75, 130.00 
 10 0 1 0 : 2428 : 72.25, 111.25, 130.00 
 10 0 1 1 : 2418 : 72.25, 117.75, 130.00 
 10 0 1 2 : 2427 : 78.75, 111.25, 130.00 
 10 0 1 3 : 2417 : 78.75, 117.75, 130.00 
 10 0 1 4 : 2426 : 85.25, 111.25, 130.00 
 10 0 1 5 : 2416 : 85.25, 117.75, 130.00 
 10 0 1 6 : 2425 : 91.75, 111.25, 130.00 
 10 0 1 7 : 2415 : 91.75, 117.75, 130.00 
 10 0 2 0 : 2314 : 38.25, 117.75, 130.00 
 10 0 2 1 : 2324 : 38.25, 111.25, 130.00 
 10 0 2 2 : 2313 : 44.75, 117.75, 130.00 
 10 0 2 3 : 2323 : 44.75, 111.25, 130.00 
 10 0 2 4 : 2312 : 51.25, 117.75, 130.00 
 10 0 2 5 : 2322 : 51.25, 111.25, 130.00 
 10 0 2 6 : 2311 : 57.75, 117.75, 130.00 
 10 0 2 7 : 2321 : 57.75, 111.25, 130.00 
 10 0 3 0 : 2318 : 12.25, 117.75, 130.00 
 10 0 3 1 : 2328 : 12.25, 111.25, 130.00 
 10 0 3 2 : 2317 : 18.75, 117.75, 130.00 
 10 0 3 3 : 2327 : 18.75, 111.25, 130.00 
 10 0 3 4 : 2316 : 25.25, 117.75, 130.00 
 10 0 3 5 : 2326 : 25.25, 111.25, 130.00 
 10 0 3 6 : 2315 : 31.75, 117.75, 130.00 
 10 0 3 7 : 2325 : 31.75, 111.25, 130.00 
# scr car chip chan : pmt-raw-col : x, y, z 
 10 1 0 0 : 2434 : 98.25, 104.75, 130.00 
 10 1 0 1 : 2444 : 98.25, 98.25, 130.00 
 10 1 0 2 : 2433 : 104.75, 104.75, 130.00 
 10 1 0 3 : 2443 : 104.75, 98.25, 130.00 
 10 1 0 4 : 2432 : 111.25, 104.75, 130.00 
 10 1 0 5 : 2442 : 111.25, 98.25, 130.00 
 10 1 0 6 : 2431 : 117.75, 104.75, 130.00 
 10 1 0 7 : 2441 : 117.75, 98.25, 130.00 
 10 1 1 0 : 2438 : 72.25, 104.75, 130.00 
 10 1 1 1 : 2448 : 72.25, 98.25, 130.00 
 10 1 1 2 : 2437 : 78.75, 104.75, 130.00 
 10 1 1 3 : 2447 : 78.75, 98.25, 130.00 
 10 1 1 4 : 2436 : 85.25, 104.75, 130.00 
 10 1 1 5 : 2446 : 85.25, 98.25, 130.00 
 10 1 1 6 : 2435 : 91.75, 104.75, 130.00 
 10 1 1 7 : 2445 : 91.75, 98.25, 130.00 
 10 1 2 0 : 2344 : 38.25, 98.25, 130.00 
 10 1 2 1 : 2334 : 38.25, 104.75, 130.00 
 10 1 2 2 : 2343 : 44.75, 98.25, 130.00 
 10 1 2 3 : 2333 : 44.75, 104.75, 130.00 
 10 1 2 4 : 2342 : 51.25, 98.25, 130.00 
 10 1 2 5 : 2332 : 51.25, 104.75, 130.00 
 10 1 2 6 : 2341 : 57.75, 98.25, 130.00 
 10 1 2 7 : 2331 : 57.75, 104.75, 130.00 
 10 1 3 0 : 2348 : 12.25, 98.25, 130.00 
 10 1 3 1 : 2338 : 12.25, 104.75, 130.00 
 10 1 3 2 : 2347 : 18.75, 98.25, 130.00 
 10 1 3 3 : 2337 : 18.75, 104.75, 130.00 
 10 1 3 4 : 2346 : 25.25, 98.25, 130.00 
 10 1 3 5 : 2336 : 25.25, 104.75, 130.00 
 10 1 3 6 : 2345 : 31.75, 98.25, 130.00 
 10 1 3 7 : 2335 : 31.75, 104.75, 130.00 
# scr car chip chan : pmt-raw-col : x, y, z 
 10 2 0 0 : 2454 : 98.25, 91.75, 130.00 
 10 2 0 1 : 2464 : 98.25, 85.25, 130.00 
 10 2 0 2 : 2453 : 104.75, 91.75, 130.00 
 10 2 0 3 : 2463 : 104.75, 85.25, 130.00 
 10 2 0 4 : 2452 : 111.25, 91.75, 130.00 
 10 2 0 5 : 2462 : 111.25, 85.25, 130.00 
 10 2 0 6 : 2451 : 117.75, 91.75, 130.00 
 10 2 0 7 : 2461 : 117.75, 85.25, 130.00 
 10 2 1 0 : 2458 : 72.25, 91.75, 130.00 
 10 2 1 1 : 2468 : 72.25, 85.25, 130.00 
 10 2 1 2 : 2457 : 78.75, 91.75, 130.00 
 10 2 1 3 : 2467 : 78.75, 85.25, 130.00 
 10 2 1 4 : 2456 : 85.25, 91.75, 130.00 
 10 2 1 5 : 2466 : 85.25, 85.25, 130.00 
 10 2 1 6 : 2455 : 91.75, 91.75, 130.00 
 10 2 1 7 : 2465 : 91.75, 85.25, 130.00 
 10 2 2 0 : 2364 : 38.25, 85.25, 130.00 
 10 2 2 1 : 2354 : 38.25, 91.75, 130.00 
 10 2 2 2 : 2363 : 44.75, 85.25, 130.00 
 10 2 2 3 : 2353 : 44.75, 91.75, 130.00 
 10 2 2 4 : 2362 : 51.25, 85.25, 130.00 
 10 2 2 5 : 2352 : 51.25, 91.75, 130.00 
 10 2 2 6 : 2361 : 57.75, 85.25, 130.00 
 10 2 2 7 : 2351 : 57.75, 91.75, 130.00 
 10 2 3 0 : 2368 : 12.25, 85.25, 130.00 
 10 2 3 1 : 2358 : 12.25, 91.75, 130.00 
 10 2 3 2 : 2367 : 18.75, 85.25, 130.00 
 10 2 3 3 : 2357 : 18.75, 91.75, 130.00 
 10 2 3 4 : 2366 : 25.25, 85.25, 130.00 
 10 2 3 5 : 2356 : 25.25, 91.75, 130.00 
 10 2 3 6 : 2365 : 31.75, 85.25, 130.00 
 10 2 3 7 : 2355 : 31.75, 91.75, 130.00 
# scr car chip chan : pmt-raw-col : x, y, z 
 10 3 0 0 : 2474 : 98.25, 78.75, 130.00 
 10 3 0 1 : 2484 : 98.25, 72.25, 130.00 
 10 3 0 2 : 2473 : 104.75, 78.75, 130.00 
 10 3 0 3 : 2483 : 104.75, 72.25, 130.00 
 10 3 0 4 : 2472 : 111.25, 78.75, 130.00 
 10 3 0 5 : 2482 : 111.25, 72.25, 130.00 
 10 3 0 6 : 2471 : 117.75, 78.75, 130.00 
 10 3 0 7 : 2481 : 117.75, 72.25, 130.00 
 10 3 1 0 : 2478 : 72.25, 78.75, 130.00 
 10 3 1 1 : 2488 : 72.25, 72.25, 130.00 
 10 3 1 2 : 2477 : 78.75, 78.75, 130.00 
 10 3 1 3 : 2487 : 78.75, 72.25, 130.00 
 10 3 1 4 : 2476 : 85.25, 78.75, 130.00 
 10 3 1 5 : 2486 : 85.25, 72.25, 130.00 
 10 3 1 6 : 2475 : 91.75, 78.75, 130.00 
 10 3 1 7 : 2485 : 91.75, 72.25, 130.00 
 10 3 2 0 : 2384 : 38.25, 72.25, 130.00 
 10 3 2 1 : 2374 : 38.25, 78.75, 130.00 
 10 3 2 2 : 2383 : 44.75, 72.25, 130.00 
 10 3 2 3 : 2373 : 44.75, 78.75, 130.00 
 10 3 2 4 : 2382 : 51.25, 72.25, 130.00 
 10 3 2 5 : 2372 : 51.25, 78.75, 130.00 
 10 3 2 6 : 2381 : 57.75, 72.25, 130.00 
 10 3 2 7 : 2371 : 57.75, 78.75, 130.00 
 10 3 3 0 : 2388 : 12.25, 72.25, 130.00 
 10 3 3 1 : 2378 : 12.25, 78.75, 130.00 
 10 3 3 2 : 2387 : 18.75, 72.25, 130.00 
 10 3 3 3 : 2377 : 18.75, 78.75, 130.00 
 10 3 3 4 : 2386 : 25.25, 72.25, 130.00 
 10 3 3 5 : 2376 : 25.25, 78.75, 130.00 
 10 3 3 6 : 2385 : 31.75, 72.25, 130.00 
 10 3 3 7 : 2375 : 31.75, 78.75, 130.00 
# scr car chip chan : pmt-raw-col : x, y, z 
 11 0 0 0 : 1324 : 130.00, 31.75, 18.75 
 11 0 0 1 : 1314 : 130.00, 31.75, 12.25 
 11 0 0 2 : 1323 : 130.00, 25.25, 18.75 
 11 0 0 3 : 1313 : 130.00, 25.25, 12.25 
 11 0 0 4 : 1322 : 130.00, 18.75, 18.75 
 11 0 0 5 : 1312 : 130.00, 18.75, 12.25 
 11 0 0 6 : 1321 : 130.00, 12.25, 18.75 
 11 0 0 7 : 1311 : 130.00, 12.25, 12.25 
 11 0 1 0 : 1328 : 130.00, 57.75, 18.75 
 11 0 1 1 : 1318 : 130.00, 57.75, 12.25 
 11 0 1 2 : 1327 : 130.00, 51.25, 18.75 
 11 0 1 3 : 1317 : 130.00, 51.25, 12.25 
 11 0 1 4 : 1326 : 130.00, 44.75, 18.75 
 11 0 1 5 : 1316 : 130.00, 44.75, 12.25 
 11 0 1 6 : 1325 : 130.00, 38.25, 18.75 
 11 0 1 7 : 1315 : 130.00, 38.25, 12.25 
 11 0 2 0 : 1414 : 130.00, 91.75, 12.25 
 11 0 2 1 : 1424 : 130.00, 91.75, 18.75 
 11 0 2 2 : 1413 : 130.00, 85.25, 12.25 
 11 0 2 3 : 1423 : 130.00, 85.25, 18.75 
 11 0 2 4 : 1412 : 130.00, 78.75, 12.25 
 11 0 2 5 : 1422 : 130.00, 78.75, 18.75 
 11 0 2 6 : 1411 : 130.00, 72.25, 12.25 
 11 0 2 7 : 1421 : 130.00, 72.25, 18.75 
 11 0 3 0 : 1418 : 130.00, 117.75, 12.25 
 11 0 3 1 : 1428 : 130.00, 117.75, 18.75 
 11 0 3 2 : 1417 : 130.00, 111.25, 12.25 
 11 0 3 3 : 1427 : 130.00, 111.25, 18.75 
 11 0 3 4 : 1416 : 130.00, 104.75, 12.25 
 11 0 3 5 : 1426 : 130.00, 104.75, 18.75 
 11 0 3 6 : 1415 : 130.00, 98.25, 12.25 
 11 0 3 7 : 1425 : 130.00, 98.25, 18.75 
# scr car chip chan : pmt-raw-col : x, y, z 
 11 1 0 0 : 1334 : 130.00, 31.75, 25.25 
 11 1 0 1 : 1344 : 130.00, 31.75, 31.75 
 11 1 0 2 : 1333 : 130.00, 25.25, 25.25 
 11 1 0 3 : 1343 : 130.00, 25.25, 31.75 
 11 1 0 4 : 1332 : 130.00, 18.75, 25.25 
 11 1 0 5 : 1342 : 130.00, 18.75, 31.75 
 11 1 0 6 : 1331 : 130.00, 12.25, 25.25 
 11 1 0 7 : 1341 : 130.00, 12.25, 31.75 
 11 1 1 0 : 1338 : 130.00, 57.75, 25.25 
 11 1 1 1 : 1348 : 130.00, 57.75, 31.75 
 11 1 1 2 : 1337 : 130.00, 51.25, 25.25 
 11 1 1 3 : 1347 : 130.00, 51.25, 31.75 
 11 1 1 4 : 1336 : 130.00, 44.75, 25.25 
 11 1 1 5 : 1346 : 130.00, 44.75, 31.75 
 11 1 1 6 : 1335 : 130.00, 38.25, 25.25 
 11 1 1 7 : 1345 : 130.00, 38.25, 31.75 
 11 1 2 0 : 1444 : 130.00, 91.75, 31.75 
 11 1 2 1 : 1434 : 130.00, 91.75, 25.25 
 11 1 2 2 : 1443 : 130.00, 85.25, 31.75 
 11 1 2 3 : 1433 : 130.00, 85.25, 25.25 
 11 1 2 4 : 1442 : 130.00, 78.75, 31.75 
 11 1 2 5 : 1432 : 130.00, 78.75, 25.25 
 11 1 2 6 : 1441 : 130.00, 72.25, 31.75 
 11 1 2 7 : 1431 : 130.00, 72.25, 25.25 
 11 1 3 0 : 1448 : 130.00, 117.75, 31.75 
 11 1 3 1 : 1438 : 130.00, 117.75, 25.25 
 11 1 3 2 : 1447 : 130.00, 111.25, 31.75 
 11 1 3 3 : 1437 : 130.00, 111.25, 25.25 
 11 1 3 4 : 1446 : 130.00, 104.75, 31.75 
 11 1 3 5 : 1436 : 130.00, 104.75, 25.25 
 11 1 3 6 : 1445 : 130.00, 98.25, 31.75 
 11 1 3 7 : 1435 : 130.00, 98.25, 25.25 
# scr car chip chan : pmt-raw-col : x, y, z 
 11 2 0 0 : 1354 : 130.00, 31.75, 38.25 
 11 2 0 1 : 1364 : 130.00, 31.75, 44.75 
 11 2 0 2 : 1353 : 130.00, 25.25, 38.25 
 11 2 0 3 : 1363 : 130.00, 25.25, 44.75 
 11 2 0 4 : 1352 : 130.00, 18.75, 38.25 
 11 2 0 5 : 1362 : 130.00, 18.75, 44.75 
 11 2 0 6 : 1351 : 130.00, 12.25, 38.25 
 11 2 0 7 : 1361 : 130.00, 12.25, 44.75 
 11 2 1 0 : 1358 : 130.00, 57.75, 38.25 
 11 2 1 1 : 1368 : 130.00, 57.75, 44.75 
 11 2 1 2 : 1357 : 130.00, 51.25, 38.25 
 11 2 1 3 : 1367 : 130.00, 51.25, 44.75 
 11 2 1 4 : 1356 : 130.00, 44.75, 38.25 
 11 2 1 5 : 1366 : 130.00, 44.75, 44.75 
 11 2 1 6 : 1355 : 130.00, 38.25, 38.25 
 11 2 1 7 : 1365 : 130.00, 38.25, 44.75 
 11 2 2 0 : 1464 : 130.00, 91.75, 44.75 
 11 2 2 1 : 1454 : 130.00, 91.75, 38.25 
 11 2 2 2 : 1463 : 130.00, 85.25, 44.75 
 11 2 2 3 : 1453 : 130.00, 85.25, 38.25 
 11 2 2 4 : 1462 : 130.00, 78.75, 44.75 
 11 2 2 5 : 1452 : 130.00, 78.75, 38.25 
 11 2 2 6 : 1461 : 130.00, 72.25, 44.75 
 11 2 2 7 : 1451 : 130.00, 72.25, 38.25 
 11 2 3 0 : 1468 : 130.00, 117.75, 44.75 
 11 2 3 1 : 1458 : 130.00, 117.75, 38.25 
 11 2 3 2 : 1467 : 130.00, 111.25, 44.75 
 11 2 3 3 : 1457 : 130.00, 111.25, 38.25 
 11 2 3 4 : 1466 : 130.00, 104.75, 44.75 
 11 2 3 5 : 1456 : 130.00, 104.75, 38.25 
 11 2 3 6 : 1465 : 130.00, 98.25, 44.75 
 11 2 3 7 : 1455 : 130.00, 98.25, 38.25 
# scr car chip chan : pmt-raw-col : x, y, z 
 11 3 0 0 : 1374 : 130.00, 31.75, 51.25 
 11 3 0 1 : 1384 : 130.00, 31.75, 57.75 
 11 3 0 2 : 1373 : 130.00, 25.25, 51.25 
 11 3 0 3 : 1383 : 130.00, 25.25, 57.75 
 11 3 0 4 : 1372 : 130.00, 18.75, 51.25 
 11 3 0 5 : 1382 : 130.00, 18.75, 57.75 
 11 3 0 6 : 1371 : 130.00, 12.25, 51.25 
 11 3 0 7 : 1381 : 130.00, 12.25, 57.75 
 11 3 1 0 : 1378 : 130.00, 57.75, 51.25 
 11 3 1 1 : 1388 : 130.00, 57.75, 57.75 
 11 3 1 2 : 1377 : 130.00, 51.25, 51.25 
 11 3 1 3 : 1387 : 130.00, 51.25, 57.75 
 11 3 1 4 : 1376 : 130.00, 44.75, 51.25 
 11 3 1 5 : 1386 : 130.00, 44.75, 57.75 
 11 3 1 6 : 1375 : 130.00, 38.25, 51.25 
 11 3 1 7 : 1385 : 130.00, 38.25, 57.75 
 11 3 2 0 : 1484 : 130.00, 91.75, 57.75 
 11 3 2 1 : 1474 : 130.00, 91.75, 51.25 
 11 3 2 2 : 1483 : 130.00, 85.25, 57.75 
 11 3 2 3 : 1473 : 130.00, 85.25, 51.25 
 11 3 2 4 : 1482 : 130.00, 78.75, 57.75 
 11 3 2 5 : 1472 : 130.00, 78.75, 51.25 
 11 3 2 6 : 1481 : 130.00, 72.25, 57.75 
 11 3 2 7 : 1471 : 130.00, 72.25, 51.25 
 11 3 3 0 : 1488 : 130.00, 117.75, 57.75 
 11 3 3 1 : 1478 : 130.00, 117.75, 51.25 
 11 3 3 2 : 1487 : 130.00, 111.25, 57.75 
 11 3 3 3 : 1477 : 130.00, 111.25, 51.25 
 11 3 3 4 : 1486 : 130.00, 104.75, 57.75 
 11 3 3 5 : 1476 : 130.00, 104.75, 51.25 
 11 3 3 6 : 1485 : 130.00, 98.25, 57.75 
 11 3 3 7 : 1475 : 130.00, 98.25, 51.25 
# scr car chip chan : pmt-raw-col : x, y, z 
 12 0 0 0 : 0824 : 98.25, 0.00, 111.25 
 12 0 0 1 : 0814 : 98.25, 0.00, 117.75 
 12 0 0 2 : 0823 : 104.75, 0.00, 111.25 
 12 0 0 3 : 0813 : 104.75, 0.00, 117.75 
 12 0 0 4 : 0822 : 111.25, 0.00, 111.25 
 12 0 0 5 : 0812 : 111.25, 0.00, 117.75 
 12 0 0 6 : 0821 : 117.75, 0.00, 111.25 
 12 0 0 7 : 0811 : 117.75, 0.00, 117.75 
 12 0 1 0 : 0828 : 72.25, 0.00, 111.25 
 12 0 1 1 : 0818 : 72.25, 0.00, 117.75 
 12 0 1 2 : 0827 : 78.75, 0.00, 111.25 
 12 0 1 3 : 0817 : 78.75, 0.00, 117.75 
 12 0 1 4 : 0826 : 85.25, 0.00, 111.25 
 12 0 1 5 : 0816 : 85.25, 0.00, 117.75 
 12 0 1 6 : 0825 : 91.75, 0.00, 111.25 
 12 0 1 7 : 0815 : 91.75, 0.00, 117.75 
 12 0 2 0 : 0714 : 38.25, 0.00, 117.75 
 12 0 2 1 : 0724 : 38.25, 0.00, 111.25 
 12 0 2 2 : 0713 : 44.75, 0.00, 117.75 
 12 0 2 3 : 0723 : 44.75, 0.00, 111.25 
 12 0 2 4 : 0712 : 51.25, 0.00, 117.75 
 12 0 2 5 : 0722 : 51.25, 0.00, 111.25 
 12 0 2 6 : 0711 : 57.75, 0.00, 117.75 
 12 0 2 7 : 0721 : 57.75, 0.00, 111.25 
 12 0 3 0 : 0718 : 12.25, 0.00, 117.75 
 12 0 3 1 : 0728 : 12.25, 0.00, 111.25 
 12 0 3 2 : 0717 : 18.75, 0.00, 117.75 
 12 0 3 3 : 0727 : 18.75, 0.00, 111.25 
 12 0 3 4 : 0716 : 25.25, 0.00, 117.75 
 12 0 3 5 : 0726 : 25.25, 0.00, 111.25 
 12 0 3 6 : 0715 : 31.75, 0.00, 117.75 
 12 0 3 7 : 0725 : 31.75, 0.00, 111.25 
# scr car chip chan : pmt-raw-col : x, y, z 
 12 1 0 0 : 0834 : 98.25, 0.00, 104.75 
 12 1 0 1 : 0844 : 98.25, 0.00, 98.25 
 12 1 0 2 : 0833 : 104.75, 0.00, 104.75 
 12 1 0 3 : 0843 : 104.75, 0.00, 98.25 
 12 1 0 4 : 0832 : 111.25, 0.00, 104.75 
 12 1 0 5 : 0842 : 111.25, 0.00, 98.25 
 12 1 0 6 : 0831 : 117.75, 0.00, 104.75 
 12 1 0 7 : 0841 : 117.75, 0.00, 98.25 
 12 1 1 0 : 0838 : 72.25, 0.00, 104.75 
 12 1 1 1 : 0848 : 72.25, 0.00, 98.25 
 12 1 1 2 : 0837 : 78.75, 0.00, 104.75 
 12 1 1 3 : 0847 : 78.75, 0.00, 98.25 
 12 1 1 4 : 0836 : 85.25, 0.00, 104.75 
 12 1 1 5 : 0846 : 85.25, 0.00, 98.25 
 12 1 1 6 : 0835 : 91.75, 0.00, 104.75 
 12 1 1 7 : 0845 : 91.75, 0.00, 98.25 
 12 1 2 0 : 0744 : 38.25, 0.00, 98.25 
 12 1 2 1 : 0734 : 38.25, 0.00, 104.75 
 12 1 2 2 : 0743 : 44.75, 0.00, 98.25 
 12 1 2 3 : 0733 : 44.75, 0.00, 104.75 
 12 1 2 4 : 0742 : 51.25, 0.00, 98.25 
 12 1 2 5 : 0732 : 51.25, 0.00, 104.75 
 12 1 2 6 : 0741 : 57.75, 0.00, 98.25 
 12 1 2 7 : 0731 : 57.75, 0.00, 104.75 
 12 1 3 0 : 0748 : 12.25, 0.00, 98.25 
 12 1 3 1 : 0738 : 12.25, 0.00, 104.75 
 12 1 3 2 : 0747 : 18.75, 0.00, 98.25 
 12 1 3 3 : 0737 : 18.75, 0.00, 104.75 
 12 1 3 4 : 0746 : 25.25, 0.00, 98.25 
 12 1 3 5 : 0736 : 25.25, 0.00, 104.75 
 12 1 3 6 : 0745 : 31.75, 0.00, 98.25 
 12 1 3 7 : 0735 : 31.75, 0.00, 104.75 
# scr car chip chan : pmt-raw-col : x, y, z 
 12 2 0 0 : 0854 : 98.25, 0.00, 91.75 
 12 2 0 1 : 0864 : 98.25, 0.00, 85.25 
 12 2 0 2 : 0853 : 104.75, 0.00, 91.75 
 12 2 0 3 : 0863 : 104.75, 0.00, 85.25 
 12 2 0 4 : 0852 : 111.25, 0.00, 91.75 
 12 2 0 5 : 0862 : 111.25, 0.00, 85.25 
 12 2 0 6 : 0851 : 117.75, 0.00, 91.75 
 12 2 0 7 : 0861 : 117.75, 0.00, 85.25 
 12 2 1 0 : 0858 : 72.25, 0.00, 91.75 
 12 2 1 1 : 0868 : 72.25, 0.00, 85.25 
 12 2 1 2 : 0857 : 78.75, 0.00, 91.75 
 12 2 1 3 : 0867 : 78.75, 0.00, 85.25 
 12 2 1 4 : 0856 : 85.25, 0.00, 91.75 
 12 2 1 5 : 0866 : 85.25, 0.00, 85.25 
 12 2 1 6 : 0855 : 91.75, 0.00, 91.75 
 12 2 1 7 : 0865 : 91.75, 0.00, 85.25 
 12 2 2 0 : 0764 : 38.25, 0.00, 85.25 
 12 2 2 1 : 0754 : 38.25, 0.00, 91.75 
 12 2 2 2 : 0763 : 44.75, 0.00, 85.25 
 12 2 2 3 : 0753 : 44.75, 0.00, 91.75 
 12 2 2 4 : 0762 : 51.25, 0.00, 85.25 
 12 2 2 5 : 0752 : 51.25, 0.00, 91.75 
 12 2 2 6 : 0761 : 57.75, 0.00, 85.25 
 12 2 2 7 : 0751 : 57.75, 0.00, 91.75 
 12 2 3 0 : 0768 : 12.25, 0.00, 85.25 
 12 2 3 1 : 0758 : 12.25, 0.00, 91.75 
 12 2 3 2 : 0767 : 18.75, 0.00, 85.25 
 12 2 3 3 : 0757 : 18.75, 0.00, 91.75 
 12 2 3 4 : 0766 : 25.25, 0.00, 85.25 
 12 2 3 5 : 0756 : 25.25, 0.00, 91.75 
 12 2 3 6 : 0765 : 31.75, 0.00, 85.25 
 12 2 3 7 : 0755 : 31.75, 0.00, 91.75 
# scr car chip chan : pmt-raw-col : x, y, z 
 12 3 0 0 : 0874 : 98.25, 0.00, 78.75 
 12 3 0 1 : 0884 : 98.25, 0.00, 72.25 
 12 3 0 2 : 0873 : 104.75, 0.00, 78.75 
 12 3 0 3 : 0883 : 104.75, 0.00, 72.25 
 12 3 0 4 : 0872 : 111.25, 0.00, 78.75 
 12 3 0 5 : 0882 : 111.25, 0.00, 72.25 
 12 3 0 6 : 0871 : 117.75, 0.00, 78.75 
 12 3 0 7 : 0881 : 117.75, 0.00, 72.25 
 12 3 1 0 : 0878 : 72.25, 0.00, 78.75 
 12 3 1 1 : 0888 : 72.25, 0.00, 72.25 
 12 3 1 2 : 0877 : 78.75, 0.00, 78.75 
 12 3 1 3 : 0887 : 78.75, 0.00, 72.25 
 12 3 1 4 : 0876 : 85.25, 0.00, 78.75 
 12 3 1 5 : 0886 : 85.25, 0.00, 72.25 
 12 3 1 6 : 0875 : 91.75, 0.00, 78.75 
 12 3 1 7 : 0885 : 91.75, 0.00, 72.25 
 12 3 2 0 : 0784 : 38.25, 0.00, 72.25 
 12 3 2 1 : 0774 : 38.25, 0.00, 78.75 
 12 3 2 2 : 0783 : 44.75, 0.00, 72.25 
 12 3 2 3 : 0773 : 44.75, 0.00, 78.75 
 12 3 2 4 : 0782 : 51.25, 0.00, 72.25 
 12 3 2 5 : 0772 : 51.25, 0.00, 78.75 
 12 3 2 6 : 0781 : 57.75, 0.00, 72.25 
 12 3 2 7 : 0771 : 57.75, 0.00, 78.75 
 12 3 3 0 : 0788 : 12.25, 0.00, 72.25 
 12 3 3 1 : 0778 : 12.25, 0.00, 78.75 
 12 3 3 2 : 0787 : 18.75, 0.00, 72.25 
 12 3 3 3 : 0777 : 18.75, 0.00, 78.75 
 12 3 3 4 : 0786 : 25.25, 0.00, 72.25 
 12 3 3 5 : 0776 : 25.25, 0.00, 78.75 
 12 3 3 6 : 0785 : 31.75, 0.00, 72.25 
 12 3 3 7 : 0775 : 31.75, 0.00, 78.75 
